# Bundle file v0.3
110 6275
0 0 0
0 0 0
0 0 0
0 0 0
0 0 0
0 0 0
0 0 0
0 0 0
0 0 0
0 0 0
0 0 0
0 0 0
0 0 0
0 0 0
0 0 0
1.6693235775e+03 -1.2341156906e-01 1.1671035177e-01
-5.0126037699e-01 1.4932331785e-01 -8.5231483690e-01
-2.9369091452e-01 8.9716658753e-01 3.2990568493e-01
8.1393100518e-01 4.1568577191e-01 -4.0585916011e-01
-9.0433092184e+00 4.3827869563e+00 -4.0489351222e+01
1.6718960227e+03 -1.4460868357e-01 1.6933005425e-01
-3.4129558485e-01 1.8048033446e-01 -9.2246635312e-01
-3.2221358782e-01 8.9946608478e-01 2.9519343854e-01
8.8300380950e-01 3.9797941053e-01 -2.4883058736e-01
-8.0167909469e+00 6.5375287213e+00 -4.4404528229e+01
1.6711896337e+03 -1.5459329426e-01 1.9647772558e-01
-2.0103262197e-01 1.8839435616e-01 -9.6129779542e-01
-3.2943710780e-01 9.1117095905e-01 2.4746449318e-01
9.2252754805e-01 3.6643560137e-01 -1.2111099515e-01
-7.1234067193e+00 6.3176041840e+00 -4.0802115607e+01
1.6691308905e+03 -1.4945170293e-01 1.7174008840e-01
-9.4118151293e-02 2.1296905317e-01 -9.7251527288e-01
-3.2456307296e-01 9.1691864963e-01 2.3220465462e-01
9.4116979619e-01 3.3749721829e-01 -1.7176797845e-02
-5.1966640851e+00 5.2252191249e+00 -3.6313451911e+01
1.6698211325e+03 -1.6075976656e-01 2.0061464585e-01
-2.4815345069e-02 2.2212826323e-01 -9.7470161245e-01
-3.1420698459e-01 9.2385813330e-01 2.1854088949e-01
9.4903012043e-01 3.1168122211e-01 4.6868393411e-02
-1.7913968418e+00 4.5007551491e+00 -3.3835731482e+01
1.6684395810e+03 -1.5721514192e-01 1.8967661217e-01
9.8744033597e-02 2.4288607549e-01 -9.6501604658e-01
-3.1996053468e-01 9.2600949342e-01 2.0032891538e-01
9.4227112450e-01 2.8898576509e-01 1.6915187111e-01
2.9040423207e-01 4.1074303076e+00 -3.0767296301e+01
1.6684367620e+03 -1.5674634878e-01 1.8482702422e-01
2.4696039280e-01 2.0661540288e-01 -9.4674211889e-01
-2.7607887976e-01 9.5151559076e-01 1.3564119097e-01
9.2886544587e-01 2.2787750180e-01 2.9202881302e-01
1.9737078662e+00 2.8250401952e+00 -2.8605571313e+01
1.6695176049e+03 -1.6236368253e-01 2.0347071578e-01
3.9590135304e-01 1.9970931720e-01 -8.9631373262e-01
-2.6679075159e-01 9.5897822556e-01 9.5830359368e-02
8.7868356849e-01 2.0118884545e-01 4.3294137587e-01
3.9855825237e+00 3.0479996991e+00 -2.7298578885e+01
1.6704695105e+03 -1.6265494532e-01 2.1068152111e-01
5.7723375996e-01 2.1416862192e-01 -7.8799301250e-01
-2.7843817019e-01 9.5878369471e-01 5.6621657822e-02
7.6764143436e-01 1.8672340008e-01 6.1307503628e-01
4.5387400056e+00 3.8158606771e+00 -2.6521679239e+01
1.6688873002e+03 -1.3770226488e-01 1.5531336443e-01
7.1727879436e-01 1.6466933427e-01 -6.7704884721e-01
-2.2239202412e-01 9.7495614306e-01 1.5187915766e-03
6.6034303113e-01 1.4948086657e-01 7.3593651341e-01
6.1743061562e+00 4.5788789317e+00 -2.7583276480e+01
1.6770419711e+03 -1.7204437629e-01 2.2575463114e-01
8.1617003394e-01 1.4477882851e-01 -5.5937962647e-01
-1.7607411727e-01 9.8437461415e-01 -2.1270256493e-03
5.5033115569e-01 1.0022828855e-01 8.2890886668e-01
7.9007047805e+00 4.8821701421e+00 -2.9817193438e+01
1.6708194163e+03 -1.4332532641e-01 1.5791098658e-01
9.1726990435e-01 1.0202171572e-01 -3.8497726180e-01
-1.1646880869e-01 9.9309097534e-01 -1.4329386148e-02
3.8085553584e-01 5.7981757717e-02 9.2281481165e-01
8.1441929955e+00 4.9166493157e+00 -3.1171011640e+01
1.6723102733e+03 -1.5214238001e-01 1.8519682096e-01
9.4875911977e-01 8.8039456625e-02 -3.0348836343e-01
-1.0046676933e-01 9.9461234104e-01 -2.5548371914e-02
2.9960400685e-01 5.4729746253e-02 9.5249256898e-01
1.1704178913e+01 5.5022164831e+00 -3.2407899521e+01
1.6717366593e+03 -1.5489377023e-01 2.0280945171e-01
9.8567959191e-01 5.2838538140e-02 -1.6013691321e-01
-5.6646923570e-02 9.9820756143e-01 -1.9307779449e-02
1.5882968279e-01 2.8102547652e-02 9.8690596243e-01
1.2201885354e+01 5.6147578047e+00 -3.4289416821e+01
1.6677168065e+03 -1.3895164172e-01 1.5894546981e-01
9.9980919803e-01 -1.7631575268e-02 8.4080371190e-03
1.7955856530e-02 9.9903056772e-01 -4.0193431913e-02
-7.6912125764e-03 4.0336736436e-02 9.9915654076e-01
1.2941430838e+01 7.1064955428e+00 -3.5288408318e+01
1.6668144216e+03 -1.3798703798e-01 1.5234019237e-01
9.8772486632e-01 -4.2033158983e-02 1.5044202207e-01
4.7782447334e-02 9.9825116629e-01 -3.4805843178e-02
-1.4871592445e-01 4.1567084796e-02 9.8800594698e-01
1.4245766907e+01 7.1547931393e+00 -3.5725596367e+01
1.6692260877e+03 -1.6481087878e-01 2.1577565771e-01
9.5272961028e-01 -9.0742639139e-02 2.8995182900e-01
9.4184079659e-02 9.9555259782e-01 2.0938258023e-03
-2.8885229588e-01 2.5313996319e-02 9.5703895049e-01
1.3863777278e+01 7.0095297891e+00 -3.7724188767e+01
1.6640432697e+03 -1.4954932612e-01 1.7343290082e-01
8.9657116866e-01 -1.1348457194e-01 4.2811375995e-01
1.1937610573e-01 9.9276188455e-01 1.3160013548e-02
-4.2650848163e-01 3.9307664746e-02 9.0362902930e-01
1.4201940741e+01 7.6007900597e+00 -3.9314091116e+01
1.6602926955e+03 -1.3766842193e-01 1.3207241110e-01
8.0195995339e-01 -1.3280478231e-01 5.8242864194e-01
1.3437041652e-01 9.9009326022e-01 4.0742204637e-02
-5.8206943256e-01 4.5587562679e-02 8.1186017873e-01
1.3733599485e+01 7.6549576734e+00 -4.2264975445e+01
0 0 0
0 0 0
0 0 0
0 0 0
0 0 0
0 0 0
0 0 0
0 0 0
0 0 0
0 0 0
0 0 0
0 0 0
0 0 0
0 0 0
0 0 0
0 0 0
0 0 0
0 0 0
0 0 0
0 0 0
0 0 0
0 0 0
0 0 0
0 0 0
0 0 0
1.2287365013e+03 -1.4579050540e-01 1.0207484806e-01
1.0786826929e-01 2.1473859414e-01 -9.7069653995e-01
-2.4779701585e-01 9.5138489365e-01 1.8293010432e-01
9.6278817785e-01 2.2080335214e-01 1.5583582472e-01
-7.5176369959e-01 3.6982086911e+00 -2.0154524644e+01
1.8260180791e+03 -5.2620522338e-01 3.2169456068e-02
1.5488579351e-01 2.1691578501e-01 -9.6382463819e-01
-2.2796352214e-01 9.5711701219e-01 1.7877264204e-01
9.6127156597e-01 1.9202751673e-01 1.9769271427e-01
2.5151722796e+00 3.1634899525e+00 -2.8602277694e+01
1.4583888657e+03 7.6034525825e-03 -5.0963018872e-02
3.4235903600e-01 2.4243696536e-01 -9.0775250388e-01
-1.8477320269e-01 9.6464296024e-01 1.8794366929e-01
9.2122155535e-01 1.0338412396e-01 3.7505008850e-01
4.6225560536e+00 3.1272032693e+00 -2.2517117428e+01
2.9833991718e+03 1.2210192490e-01 7.5082225279e-03
5.5277362345e-01 1.9378923266e-01 -8.1048569051e-01
-1.5861675138e-01 9.7927188900e-01 1.2596544606e-01
8.1809660029e-01 5.8926231221e-02 5.7205388896e-01
4.8168606868e+00 3.1305236652e+00 -4.6082420564e+01
2.0088802295e+03 -1.9248993903e-02 -2.1405594299e-02
7.7459906798e-01 1.2981243560e-01 -6.1898708828e-01
-1.1746712834e-01 9.9120916464e-01 6.0875821862e-02
6.2144811340e-01 2.5556280861e-02 7.8303838913e-01
5.8897503857e+00 3.6694610076e+00 -3.1422595044e+01
0 0 0
0 0 0
0 0 0
0 0 0
0 0 0
0 0 0
0 0 0
0 0 0
0 0 0
0 0 0
0 0 0
0 0 0
0 0 0
0 0 0
0 0 0
0 0 0
0 0 0
0 0 0
0 0 0
0 0 0
0 0 0
0 0 0
0 0 0
0 0 0
0 0 0
0 0 0
0 0 0
0 0 0
0 0 0
0 0 0
0 0 0
0 0 0
0 0 0
0 0 0
0 0 0
0 0 0
0 0 0
0 0 0
0 0 0
0 0 0
0 0 0
0 0 0
0 0 0
0 0 0
0 0 0
1.6593294528e+03 -1.4633763261e-01 1.7535993864e-01
-5.9451298891e-02 2.3297256461e-01 -9.7066437413e-01
-3.6454121000e-01 9.0015875165e-01 2.3837770040e-01
9.2928749549e-01 3.6801902936e-01 3.1412493607e-02
-3.1199617837e+00 -2.4502160807e+00 -8.2894327886e+00
0 0 0
0 0 0
0 0 0
0 0 0
0 0 0
1.6609340047e+03 -1.4970162766e-01 1.7612391939e-01
1.3625478927e-01 2.0303628027e-01 -9.6964472942e-01
-3.0220763033e-01 9.4063883889e-01 1.5449635253e-01
9.4345385715e-01 2.7198316798e-01 1.8952565990e-01
-2.3140151601e-01 -2.5375920747e+00 -9.3229262128e+00
1.6677452678e+03 -1.7986473176e-01 2.2068806623e-01
3.5202448930e-01 2.5005300251e-01 -9.0197131599e-01
-3.9039035860e-01 9.1505739780e-01 1.0131794832e-01
8.5069038248e-01 3.1645450648e-01 4.1974089446e-01
2.9036662422e+00 -1.0655969515e+00 -9.7338312131e+00
1.6610653521e+03 -1.6185087074e-01 1.9994163418e-01
3.8628003623e-01 1.8755870249e-01 -9.0311099358e-01
-2.8093014256e-01 9.5651328340e-01 7.8489449479e-02
8.7855904105e-01 2.2339219279e-01 4.2217287879e-01
2.9849753728e+00 -1.9495238932e+00 -9.5261716487e+00
1.6599565016e+03 -1.3118627488e-01 1.4473494984e-01
7.3254238872e-01 1.5705312729e-01 -6.6235637231e-01
-2.3697094760e-01 9.7099464000e-01 -3.1846178441e-02
6.3814294537e-01 1.8028789282e-01 7.4851176142e-01
5.2556798662e+00 -4.7233157943e-01 -1.1784630046e+01
0 0 0
0 0 0
0 0 0
0 0 0
0 0 0
0 0 0
0 0 0
0 0 0
0 0 0
0 0 0
0 0 0
0 0 0
0 0 0
0 0 0
0 0 0
0 0 0
0 0 0
0 0 0
0 0 0
0 0 0
0 0 0
0 0 0
0 0 0
0 0 0
0 0 0
0 0 0
0 0 0
0 0 0
0 0 0
0 0 0
0 0 0
0 0 0
0 0 0
0 0 0
0 0 0
0 0 0
0 0 0
0 0 0
0 0 0
0 0 0
0 0 0
0 0 0
0 0 0
0 0 0
0 0 0
2.0159357193e+03 6.5700705279e-02 -1.5888487092e-02
6.7617294355e-01 1.4602796341e-01 -7.2212601692e-01
-2.9231253180e-01 9.5288471857e-01 -8.1019114225e-02
6.7627179015e-01 2.6586941723e-01 6.8700066872e-01
2.5542389528e+00 1.7434038123e+00 -1.1370381665e+01
0 0 0
0 0 0
0 0 0
0 0 0
0 0 0
0 0 0
0 0 0
0 0 0
0 0 0
0 0 0
0 0 0
0 0 0
0 0 0
0 0 0
0 0 0
0 0 0
0 0 0
0 0 0
0 0 0
0 0 0
0 0 0
0 0 0
0 0 0
0 0 0
0 0 0
0 0 0
0 0 0
0 0 0
0 0 0
0 0 0
0 0 0
0 0 0
0 0 0
0 0 0
0 0 0
0 0 0
0 0 0
0 0 0
0 0 0
0 0 0
0 0 0
0 0 0
0 0 0
0 0 0
0 0 0
0 0 0
0 0 0
0 0 0
0 0 0
0 0 0
1.6598457680e+03 -1.6241027461e-01 1.9780479775e-01
2.1155227980e-01 2.5951602551e-01 -9.4228290094e-01
-3.4215641504e-01 9.2276002466e-01 1.7732152869e-01
9.1551877128e-01 2.8489536569e-01 2.8400705986e-01
-3.0174373157e+00 -5.4182840132e+00 -1.7017990507e+00
0 0 0
0 0 0
0 0 0
0 0 0
0 0 0
0 0 0
0 0 0
0 0 0
0 0 0
0 0 0
0 0 0
0 0 0
0 0 0
0 0 0
0 0 0
1.6554884618e+03 -1.3759878103e-01 1.4893930523e-01
3.8861968298e-01 2.8162346671e-01 -8.7730437420e-01
-3.4834073438e-01 9.2638464810e-01 1.4307416449e-01
8.5301434617e-01 2.4999941353e-01 4.5811223347e-01
5.3150922843e+00 -4.6716941048e+00 -2.8188681690e+00
0 0 0
0 0 0
0 0 0
0 0 0
0 0 0
0 0 0
0 0 0
0 0 0
0 0 0
0 0 0
0 0 0
0 0 0
0 0 0
0 0 0
0 0 0
0 0 0
0 0 0
0 0 0
0 0 0
0 0 0
0 0 0
0 0 0
0 0 0
0 0 0
0 0 0
0 0 0
0 0 0
0 0 0
0 0 0
0 0 0
0 0 0
0 0 0
0 0 0
0 0 0
0 0 0
4.7753695491e+03 7.8972258926e-02 1.1727431213e-03
-3.1775438754e-01 1.7503586099e-01 -9.3187692136e-01
-1.7845750142e-01 9.5420847856e-01 2.4008144375e-01
9.3122772155e-01 2.4258735914e-01 -2.7196746827e-01
-3.5947608266e+00 -5.1723463986e-01 -4.9199296054e+01
4.7678327656e+03 5.1764626875e-02 -6.3559263622e-04
-2.0136974873e-01 2.1290531589e-01 -9.5609704045e-01
-1.5500344363e-01 9.5686683308e-01 2.4572300710e-01
9.6717328166e-01 1.9767951391e-01 -1.5968297662e-01
-9.9341558894e+00 -1.5249601254e+00 -4.8432314677e+01
4.7658823278e+03 5.4439661365e-02 -4.0212994041e-03
3.9541390566e-02 2.3773534438e-01 -9.7052479848e-01
-1.4432675342e-01 9.6245798461e-01 2.2987913369e-01
9.8873973657e-01 1.3098295267e-01 7.2368497500e-02
-1.5112247297e+00 -1.2562110205e+00 -4.5552588960e+01
4.8076539840e+03 -6.0989530271e-02 1.3317506726e-05
2.7781413369e-01 2.6956351432e-01 -9.2203840422e-01
-1.7663687799e-01 9.5779102191e-01 2.2679455829e-01
9.4425564359e-01 9.9859251373e-02 3.1370274060e-01
3.0346532543e+00 4.1377659825e-01 -4.4672834111e+01
4.7629859780e+03 8.0049224907e-02 7.0694066605e-04
5.2964055971e-01 1.7906534118e-01 -8.2910583227e-01
-1.3619755711e-01 9.8273343626e-01 1.2524064315e-01
8.3721628206e-01 4.6589664606e-02 5.4488374926e-01
3.7455022629e+00 2.7277929902e-01 -4.3046579256e+01
4.7738567691e+03 7.4819804256e-02 2.9099753892e-03
6.9057239531e-01 6.4402670064e-02 -7.2039021573e-01
-4.2005213845e-02 9.9791770972e-01 4.8946977763e-02
7.2204247025e-01 -3.5412866128e-03 6.9183967105e-01
6.7223545856e+00 7.9512848026e-01 -4.3709255261e+01
4.7848837610e+03 3.6389801617e-02 6.1094955686e-03
8.5002754028e-01 1.3309298554e-01 -5.0964638522e-01
-6.7840668582e-02 9.8715546142e-01 1.4464348820e-01
5.2235124625e-01 -8.8376196982e-02 8.4813844586e-01
9.7388701530e+00 1.1679731854e+00 -6.0962376966e+01
4.7894037108e+03 5.4499239011e-02 2.7742018582e-03
9.8808341058e-01 4.7312990651e-02 -1.4646724769e-01
-2.5598958414e-02 9.8884511006e-01 1.4673118837e-01
1.5177571301e-01 -1.4123324406e-01 9.7827261217e-01
7.9052788942e+00 4.3237039836e-01 -5.4479207329e+01
4.7753586399e+03 1.0342097186e-01 5.9080331913e-03
9.5332100953e-01 7.7367864916e-02 -2.9187885546e-01
-2.8930671939e-02 9.8557424239e-01 1.6675259807e-01
3.0056957432e-01 -1.5052450372e-01 9.4180693604e-01
1.6225375108e+01 -6.7073772115e-01 -5.2501507189e+01
4.7693878298e+03 7.2534329168e-02 1.4587969267e-03
9.6266760778e-01 -4.8428515477e-02 2.6631889872e-01
8.6566919109e-03 9.8887020765e-01 1.4852869794e-01
-2.7054784902e-01 -1.4067832567e-01 9.5237254794e-01
6.7836060271e+00 1.6380931324e+00 -5.5173418416e+01
4.7569229197e+03 8.4347953765e-02 1.8193503863e-03
9.9928517151e-01 2.9891287634e-02 2.3144263333e-02
-3.3311307695e-02 9.8569460553e-01 1.6521652884e-01
-1.7874640731e-02 -1.6586939303e-01 9.8598572083e-01
2.0783364030e+01 -1.2675309751e-01 -5.1543037565e+01
0 0 0
0 0 0
0 0 0
0 0 0
0 0 0
4.7746906083e+03 2.6502592905e-02 1.8966044547e-03
7.5497500149e-01 -1.8069643273e-01 6.3036620017e-01
4.9293847994e-02 9.7420381248e-01 2.2022045387e-01
-6.5389820589e-01 -1.3518776184e-01 7.4440674727e-01
6.0185659815e+00 6.9012559605e-01 -6.8022834772e+01
0 0 0
0 0 0
0 0 0
0 0 0
0 0 0
0 0 0
0 0 0
0 0 0
0 0 0
0 0 0
4.0273735826e+03 -5.7392524095e-01 -1.2053501051e-02
3.4605366727e-02 3.0937732068e-01 -9.5030949803e-01
3.2395326432e-02 9.5003209546e-01 3.1046668166e-01
9.9887587388e-01 -4.1529399776e-02 2.2853829772e-02
-7.0376954238e-01 -2.7613992955e-01 -4.1724831067e+01
4.6716043861e+03 -6.9813286210e-02 -4.9298489807e-05
2.3182663559e-01 2.7479295686e-01 -9.3313731138e-01
1.9442529495e-02 9.5777006328e-01 2.8687714082e-01
9.7256279956e-01 -8.4648312084e-02 2.1669394127e-01
3.9563572227e+00 -3.8632381286e-02 -4.7504312625e+01
4.6704496606e+04 -3.1282207724e-03 -2.9167906091e-07
4.2327024446e-01 2.2096952919e-01 -8.7864370898e-01
-1.1784713944e-01 9.7499053309e-01 1.8842906386e-01
8.9830637974e-01 2.3789231766e-02 4.3872510820e-01
5.6000759860e+00 -6.3334014077e-01 -4.8225751351e+02
3.1252558538e+03 -2.6037859348e-01 -3.7272790905e-02
7.2485442070e-01 1.3608178485e-01 -6.7532793265e-01
-2.6429353170e-02 9.8506745737e-01 1.7012816850e-01
6.8839491433e-01 -1.0546967458e-01 7.1762705472e-01
1.0594646765e+01 -9.1588003713e-02 -3.0966449302e+01
1.5981838457e+03 -1.6910996116e+00 -7.4871128372e-04
-2.4293461602e-01 1.3681228477e-01 -9.6034638078e-01
-8.3203755105e-02 9.8341694907e-01 1.6114663946e-01
9.6646774777e-01 1.1905252206e-01 -2.2752272307e-01
5.4525320864e+00 5.2601742060e-01 -1.1648149258e+01
0 0 0
0 0 0
0 0 0
0 0 0
0 0 0
0 0 0
0 0 0
0 0 0
0 0 0
0 0 0
0 0 0
0 0 0
0 0 0
0 0 0
0 0 0
0 0 0
0 0 0
0 0 0
0 0 0
0 0 0
0 0 0
0 0 0
0 0 0
0 0 0
0 0 0
0 0 0
0 0 0
0 0 0
0 0 0
0 0 0
0 0 0
0 0 0
0 0 0
0 0 0
0 0 0
1.6732930707e+03 -1.2702622227e-01 1.4029049988e-01
-4.4922473274e-01 2.3488349474e-01 -8.6199007151e-01
-2.7889182227e-01 8.7974124523e-01 3.8506453083e-01
8.4877352160e-01 4.1338249277e-01 -3.2969443991e-01
-5.3397857259e+00 7.7604882360e+00 -6.3853311587e+01
0 0 0
0 0 0
0 0 0
0 0 0
0 0 0
0 0 0
0 0 0
0 0 0
0 0 0
0 0 0
1.6836790661e+03 -1.4486100170e-01 1.5799048593e-01
3.5640350434e-02 2.5190071281e-01 -9.6709658065e-01
-3.2610981414e-01 9.1767068647e-01 2.2700859085e-01
9.4465980889e-01 3.0728902045e-01 1.1485339949e-01
1.1833363863e+01 1.8163358046e+01 -8.1448653401e+01
-2.2704077338e+01 -2.3045549375e+00 -1.5654614917e+00
23 22 25
8 18 269 -404.3000 185.7900 19 247 -405.0100 130.4300 17 345 -436.5900 199.6500 20 137 -348.2700 137.6300 16 475 -420.7900 193.7200 21 164 -275.6900 123.5600 87 250 -406.2100 -202.9100 89 112 -182.8800 -172.4200
-3.8132255482e+01 3.2781095539e+01 -1.0323883631e+02
192 190 175
5 18 967 -503.0700 519.9900 19 941 -720.0200 465.7700 17 852 -319.3000 519.7200 16 1168 -83.0900 496.4900 12 832 708.6500 587.0300
-1.9971676657e+01 2.2644542668e+01 -6.8018728636e+01
130 128 100
12 18 2250 -275.9500 516.8800 19 2153 -456.3900 466.3000 17 1916 -128.7800 517.4600 20 1440 -628.2000 475.5500 16 1709 73.1900 487.2300 15 1632 248.5100 513.1300 14 1795 300.5100 503.9200 13 1789 565.8900 530.1200 86 547 -30.2000 502.7700 12 1246 771.8700 574.6300 87 602 714.1600 413.8000 89 452 -2.5600 453.1400
-6.8150845176e+00 -3.8569515574e+00 5.7023752094e+00
214 232 217
15 18 6644 480.2200 156.9200 19 3151 507.5100 138.1000 17 5451 347.6200 161.9300 20 6197 571.6400 158.6000 88 758 193.9500 -139.4000 16 4193 242.9200 113.9600 91 1148 420.2400 -173.3400 21 5906 584.0100 152.7300 14 3711 -40.8900 104.3700 13 4001 -80.6000 130.0000 86 1192 14.3800 -230.1900 12 3806 -187.5000 136.8900 87 678 766.5300 -328.1300 85 2748 41.7300 -109.5600 84 977 -249.5500 -266.8600
-3.7224466861e+01 3.3972125593e+01 -1.0207417706e+02
187 187 172
5 18 975 -494.1800 539.3300 19 953 -710.8400 485.8300 17 1260 -310.9100 538.2600 15 1095 122.7600 540.9200 13 1231 490.9800 559.4800
-3.7224466861e+01 3.3972125593e+01 -1.0207417706e+02
187 187 172
5 18 976 -494.1800 539.3300 19 954 -710.8400 485.8300 17 1261 -310.9100 538.2600 15 1096 122.7600 540.9200 13 1232 490.9800 559.4800
-1.9966962692e+01 2.2629011303e+01 -6.7964033753e+01
130 128 100
10 18 2251 -275.9500 516.8800 19 2154 -456.3900 466.3000 17 1917 -128.7800 517.4600 16 1710 73.1900 487.2300 15 1634 248.5100 513.1300 14 1797 300.5100 503.9200 13 1791 565.8900 530.1200 86 548 -30.2000 502.7700 87 603 714.1600 413.8000 89 453 -2.5600 453.1400
-2.0190146663e+01 2.2766987390e+01 -6.7957863475e+01
253 242 218
10 18 4028 -279.7600 518.8700 19 3581 -460.3400 468.3900 17 3246 -132.4000 519.5000 20 3788 -632.4000 477.7200 16 2716 69.7700 489.2300 15 2651 245.1899 515.2000 13 2897 562.1899 532.1700 86 1131 -38.3000 508.2100 87 1242 706.0699 419.1400 89 634 -11.0900 459.1400
-2.3883220269e+01 -2.7591475759e+00 -2.1551122322e+00
181 191 195
5 18 403 -457.7700 159.7200 19 356 -463.8800 100.6100 17 479 -481.0600 176.5100 21 232 -344.2700 89.1800 89 200 -289.6000 -217.2700
-1.1539257557e+01 -3.5866028130e+00 3.5631731714e+00
149 164 172
12 18 95 190.8500 158.6000 19 89 224.9399 127.7100 17 138 79.2200 166.3600 88 47 -316.2100 -144.5400 16 212 4.5600 132.7000 91 58 16.2100 -212.7300 15 295 -31.1700 150.8500 21 168 352.9500 136.8800 14 309 -214.0800 133.1200 86 89 -384.8200 -211.1100 87 111 357.6500 -301.2300 85 320 -178.5900 -84.1500
-8.9283966831e+00 -3.4557564479e+00 4.7791133443e+00
221 228 232
10 18 172 349.1000 171.2000 19 147 380.6400 145.7500 17 220 223.4800 178.7400 88 84 -36.9500 -116.2400 16 214 131.6400 138.8900 91 144 240.0900 -174.2400 15 217 80.5500 156.0100 14 310 -123.1000 137.9100 86 128 -168.0000 -191.6700 87 151 577.1300 -285.5100
-2.3155013819e+01 -1.9869366539e+00 -1.6969681985e+00
75 73 72
5 18 273 -426.3900 199.9700 19 253 -429.2000 143.3100 20 141 -375.7700 150.8600 21 169 -303.2200 136.8200 89 115 -222.3100 -144.3400
-9.8520888825e+00 -3.8513995108e+00 4.2356731013e+00
212 209 200
8 18 256 291.5900 145.7700 19 244 324.5400 118.6100 17 216 170.6500 154.5500 20 214 399.6200 136.1900 16 207 84.5600 118.0300 15 288 38.8600 135.7000 14 424 -155.5600 116.5100 87 145 498.4000 -322.2400
-1.1175013411e+01 -3.5774237250e+00 3.7547289848e+00
66 68 72
11 18 402 213.8800 159.1400 19 369 247.9600 129.0800 17 335 98.2800 167.1900 20 526 327.2400 146.7000 16 316 20.3900 133.4500 91 283 48.8500 -208.0800 15 403 -18.3600 152.7800 21 577 372.9500 139.2500 14 429 -203.4900 135.0400 86 203 -354.9700 -209.5700 87 232 387.7500 -300.5300
-3.2558056318e+01 3.4741644359e+01 -9.9827003616e+01
247 245 233
5 18 700 -437.8000 557.5000 19 458 -650.3000 504.8900 17 610 -258.7600 556.6700 15 509 172.2600 558.0300 14 553 248.7600 549.1100
-2.2936682800e+01 -3.8363616675e+00 -2.0074401476e+00
204 208 212
5 18 790 -410.5900 110.1000 19 534 -410.8400 51.0000 20 506 -356.3700 53.7900 21 551 -286.3000 37.7200 89 273 -207.9200 -315.2700
-8.7382972627e+00 -4.2457294271e+00 4.7220122308e+00
162 170 181
9 18 569 359.7200 129.1300 19 548 391.9100 106.0600 17 469 233.9600 136.4700 20 518 463.4500 125.8000 88 255 -16.6100 -193.4700 16 636 139.7600 95.2000 91 389 259.4399 -232.3200 15 565 87.3600 110.2400 14 623 -116.6300 90.2600
-2.3424352215e+01 -1.9742346963e+00 -1.7562480277e+00
253 254 251
7 18 413 -439.2500 198.7600 19 376 -442.8600 141.0500 17 492 -466.6100 213.2900 16 481 -444.6600 207.8300 15 418 -407.9200 238.9100 14 667 -506.4100 226.0500 85 459 -612.7700 36.7200
-3.4845839317e+01 3.7088029698e+01 -9.9792978105e+01
190 187 179
6 18 706 -468.8200 587.4200 19 686 -684.6800 536.0400 17 614 -287.5100 584.4600 16 832 -50.3200 558.2300 15 753 147.5000 585.8300 14 802 224.5200 576.9200
-7.1460287653e+00 -2.9561439824e+00 5.9793926659e+00
221 230 231
11 18 585 467.5699 208.4600 19 560 495.5000 187.1600 17 490 332.3900 212.9100 20 530 563.3800 205.9400 88 128 168.7500 -49.8600 16 467 228.1300 165.7300 91 215 402.6700 -101.6300 15 581 163.3400 180.7200 21 904 579.0601 196.8400 14 965 -60.0500 161.6200 85 878 17.0300 -29.2200
-2.1322374721e+01 -2.7524965543e+00 -7.7823235154e-01
121 137 146
8 18 582 -337.7800 169.6400 19 551 -328.9600 116.2800 17 715 -383.1000 183.9800 16 960 -380.5500 175.5500 15 1393 -356.8700 205.0900 14 1519 -468.2500 191.2300 87 359 -328.9800 -234.1000 89 275 -57.6800 -208.1700
-3.6868137250e+00 2.6982196140e+01 -8.4016620470e+01
144 140 140
9 18 2252 -44.4000 518.5800 19 2158 -232.5400 471.5000 17 1920 112.5700 521.4100 20 2258 -407.8800 477.2700 16 1707 329.5900 483.3800 15 2647 526.3400 508.5900 14 1792 598.8600 500.8500 86 550 606.6400 505.3400 89 451 547.6500 435.9500
-4.7179896794e+00 -1.7168834573e+00 6.1598482441e+00
239 243 243
7 18 3473 596.6100 282.0600 19 5783 606.3101 261.4200 17 2842 468.1200 285.1600 16 2379 369.3000 231.1400 15 2359 308.0800 243.0400 14 2396 77.2700 223.2500 86 1235 221.4700 -23.6200
8.2378572450e+00 2.5646479995e+01 -7.6702127396e+01
236 237 221
5 18 332 143.9900 528.1500 19 306 -41.7400 484.2400 17 281 296.7700 531.8400 16 269 514.2700 488.0200 15 184 720.3500 513.2000
-9.5721790903e+00 -4.2321974692e+00 4.1946885372e+00
8 9 11
8 18 157 306.0500 127.1300 19 134 338.2800 101.6700 17 130 185.8500 135.1300 20 130 411.6000 120.9800 88 43 -110.1400 -199.6700 16 201 98.3600 97.0600 91 85 181.1000 -244.7300 15 211 51.6100 113.6000
-9.5738547354e+00 -4.2323439340e+00 4.1986153011e+00
8 9 11
8 18 158 306.0500 127.1300 19 135 338.2800 101.6700 17 131 185.8500 135.1300 88 44 -110.1400 -199.6700 16 202 98.3600 97.0600 15 212 51.6100 113.6000 86 122 -221.6000 -270.0600 87 143 522.1801 -363.8300
-8.2728071683e+00 -3.6250774596e+00 4.9726041517e+00
16 17 17
9 18 168 387.1400 165.7000 19 146 417.1100 142.5400 17 139 260.2700 171.7600 20 142 487.3300 161.4000 88 83 31.5400 -127.8500 16 211 165.5500 128.0000 91 89 291.9600 -175.6500 15 214 111.9300 141.5800 87 110 635.8101 -306.2800
-2.3071588596e+01 -3.5768413654e+00 -2.0222838470e+00
18 20 22
4 18 250 -417.6000 122.5700 19 223 -418.8700 63.8000 17 320 -446.5600 141.9000 89 101 -219.2800 -291.9200
-2.3876169337e+01 -3.5449882885e+00 -2.3793846580e+00
249 250 252
6 18 392 -454.0100 121.9900 19 348 -459.6700 60.9000 17 321 -476.8200 142.0000 16 460 -454.2300 142.5800 21 336 -342.8200 44.5800 89 193 -291.7200 -289.8700
-2.3814868359e+01 -2.2903468913e+00 -1.9993949190e+00
225 232 236
3 18 409 -456.1800 182.9300 19 368 -462.1700 124.8900 20 212 -411.0900 130.2200
-2.8843658662e+01 3.0202032888e+01 -9.8539242330e+01
163 165 155
3 18 324 -389.1700 505.7200 19 300 -595.0200 452.0100 15 358 208.9500 506.2400
8.2137710256e+00 2.7478369005e+01 -7.5746301197e+01
182 180 175
6 18 699 145.4400 558.6600 19 681 -40.5800 515.0000 17 611 298.4800 562.8000 20 663 -207.9600 518.8700 16 576 517.5100 519.6200 15 367 724.5000 546.7600
-2.2726381267e+01 -2.9349330710e+00 -1.6517411860e+00
254 255 252
5 18 260 -403.4200 154.2300 19 235 -403.0600 97.1000 17 337 -436.0700 171.7500 16 324 -421.3400 167.8500 15 412 -388.7700 199.4600
-2.2944821511e+01 -3.8367721391e+00 -1.9872774397e+00
204 208 212
4 18 791 -410.5900 110.1000 19 535 -410.8400 51.0000 20 507 -356.3700 53.7900 21 552 -286.3000 37.7200
-8.9845850524e+00 -4.3231167014e+00 4.5940440913e+00
162 169 181
8 18 567 344.6100 124.2500 19 543 377.2700 100.4700 17 467 219.9800 131.8200 20 807 449.7000 119.9400 88 253 -43.6100 -202.7200 16 635 127.0600 91.3100 91 385 239.1400 -242.4700 15 563 75.9200 106.7800
-1.2055429724e+01 -3.9566108836e+00 2.9184869293e+00
67 68 68
4 18 794 157.4700 134.9700 19 802 188.6400 102.5800 16 452 -18.1700 114.2800 15 569 -48.2400 134.7400
-2.3295266785e+01 -3.7466143211e+00 -2.1951835918e+00
251 251 250
8 18 249 -427.0900 113.6900 19 221 -429.4000 52.8900 17 319 -454.0000 134.5200 20 200 -377.0800 53.8000 16 457 -435.7400 134.4900 15 574 -399.5000 167.4300 87 227 -441.3900 -316.0500 89 146 -239.9900 -309.4400
-2.2643787073e+01 -3.2998946365e+00 -1.7876818873e+00
43 44 46
8 18 254 -398.0500 136.8100 19 226 -397.6100 79.0800 17 328 -430.7400 154.6800 20 122 -342.3000 83.3300 16 462 -416.6600 151.8400 15 584 -384.7200 184.2400 87 234 -402.4100 -281.2400 89 103 -179.8500 -265.6000
-2.2415053612e+01 -2.4934643180e+00 -1.4209372763e+00
173 182 190
9 18 406 -390.4400 177.9000 19 366 -388.5700 122.4400 17 485 -425.3200 192.3900 20 211 -330.4000 129.3300 16 658 -412.2200 185.9300 15 599 -381.1800 216.0700 21 238 -256.9500 115.1900 87 364 -390.6900 -216.3400 89 155 -157.2200 -189.0100
-2.3996987155e+01 -2.4666628390e+00 -2.1546580972e+00
26 26 30
9 18 267 -463.4800 173.7300 19 239 -470.8100 115.2700 17 339 -485.7600 189.0800 20 131 -421.4600 120.4200 16 470 -460.5200 186.3300 15 600 -421.0700 218.0200 21 161 -352.5800 105.2700 87 246 -484.4600 -217.4900 89 110 -298.6300 -190.1900
-2.3994944110e+01 -2.4702577136e+00 -2.1458911879e+00
26 26 30
8 18 268 -463.4800 173.7300 19 240 -470.8100 115.2700 17 340 -485.7600 189.0800 20 132 -421.4600 120.4200 16 471 -460.5200 186.3300 15 601 -421.0700 218.0200 87 247 -484.4600 -217.4900 89 111 -298.6300 -190.1900
-2.2902497554e+01 -2.0182686649e+00 -1.4821297923e+00
213 221 225
5 18 805 -414.8500 199.5000 19 810 -415.8400 143.8400 20 822 -359.1600 151.7500 21 895 -285.8000 137.9300 89 351 -200.1100 -145.5600
-2.5172407851e+01 -6.0490648669e+00 4.8776414431e+01
77 67 78
2 18 1915 313.9399 180.0500 19 3150 -469.0200 136.5600
-1.7196529852e+01 -6.1120863723e-01 1.8346322877e+00
253 255 255
9 18 1210 -129.1500 298.9100 19 1196 -103.7200 255.7600 17 1036 -210.4100 304.0800 20 1232 -19.7700 270.2800 16 979 -239.1200 280.9000 91 595 -491.0600 -31.3300 15 910 -241.1900 305.3600 87 496 -63.7600 -38.8600 89 352 349.1200 13.9900
-3.6471029230e+01 3.4940489118e+01 -1.0185592498e+02
204 198 187
5 18 1417 -485.4700 551.7100 19 1404 -701.5000 498.9399 17 1266 -302.5800 550.6801 16 1197 -66.5900 525.2700 15 1676 132.2000 554.2200
-2.4249033834e+01 -2.6351845060e+00 -2.3054133785e+00
252 251 249
7 18 1912 -474.5300 164.9600 19 1857 -482.6700 104.7000 20 1213 -435.2100 109.2200 15 2342 -425.8800 212.0400 21 3372 -366.4200 91.7300 87 956 -499.0400 -228.9600 89 662 -322.0700 -206.7600
-2.1533131698e+01 2.7064262102e+01 -6.7657898508e+01
94 90 81
5 18 7527 -305.0400 590.9399 19 3601 -489.7000 541.5500 17 6381 -155.4900 588.9100 16 4900 51.4300 558.0400 15 4722 228.7200 585.5601
-2.0572850220e+01 -3.6676265089e+00 -1.5734180478e+00
10 12 11
5 18 6 -295.8100 123.8600 19 6 -289.2400 71.2900 17 10 -342.7300 139.3400 20 4 -234.4500 78.0600 16 11 -339.3900 132.3500
-8.8219101650e+00 -3.9258387525e+00 4.6637245779e+00
166 177 183
4 18 23 353.5000 146.9400 19 21 384.3900 123.4900 17 19 229.4200 153.3100 16 20 135.9700 111.3000
-8.9245953723e+00 -4.1063344762e+00 4.6865060785e+00
161 173 189
7 18 162 349.7900 136.2100 19 138 381.4200 112.5000 17 135 223.5900 143.8600 20 133 454.3700 132.0000 88 46 -36.4500 -180.2100 16 135 130.3500 103.0700 91 86 244.1000 -223.2800
-8.9973156475e+00 -4.5890229454e+00 4.4879516903e+00
158 167 175
8 18 248 342.2500 109.6900 19 232 375.0800 86.0500 17 211 218.5000 116.9900 20 206 447.0800 106.5600 88 75 -46.1400 -232.2600 16 199 126.0400 77.3400 91 136 236.7000 -265.2100 86 119 -175.2200 -302.5300
-9.4149354078e+00 -4.0129092339e+00 4.4505966670e+00
169 181 189
9 18 163 318.0400 140.4300 19 140 351.3400 115.3000 17 213 194.5500 148.2600 20 135 425.0400 134.6000 88 79 -89.8300 -175.0700 16 204 105.4200 109.3100 91 138 202.0000 -222.3400 86 123 -209.8000 -248.3900 87 144 534.0699 -342.7100
1.1060692597e+01 1.5864443844e+01 -5.1179783389e+01
250 247 236
5 18 315 316.2200 476.6600 19 443 149.7400 437.1200 17 266 444.0300 481.3101 88 97 132.6800 428.8700 16 261 634.6600 431.3800
1.0971218999e+01 1.6749981926e+01 -5.1150081028e+01
252 253 245
5 18 320 313.8400 492.5800 19 449 146.4600 453.0701 17 271 442.0200 497.2500 88 101 127.8400 469.1200 16 264 633.3900 446.4700
-8.8119558605e+00 -4.4160667924e+00 4.6418665710e+00
125 129 126
6 18 388 355.0000 119.4100 19 355 387.1200 96.2500 17 314 229.4800 126.9900 88 110 -25.0700 -211.3400 16 294 135.6400 86.4200 91 202 253.3400 -248.2600
-8.6095479118e+00 -4.1194983023e+00 4.8174970810e+00
98 98 96
7 18 397 368.1600 136.4500 19 358 400.0000 113.5800 17 322 241.5800 143.6600 20 336 471.5900 133.2700 88 115 -2.3600 -179.5900 16 302 146.7000 102.0100 91 204 270.2100 -220.3700
-9.1839323552e+00 -3.8889081292e+00 4.6237198973e+00
132 137 135
8 18 399 333.5400 147.5000 19 364 366.6899 123.1600 17 326 209.0300 155.3400 20 340 440.4100 142.0100 88 118 -63.9600 -160.0000 16 305 117.7900 115.3600 91 208 222.0100 -208.5300 21 362 471.9000 136.0800
-9.1829829837e+00 -3.8889776072e+00 4.6200562568e+00
132 137 135
7 18 400 333.5400 147.5000 19 365 366.6899 123.1600 17 327 209.0300 155.3400 20 341 440.4100 142.0100 88 119 -63.9600 -160.0000 16 306 117.7900 115.3600 91 209 222.0100 -208.5300
-8.4862770918e+00 -3.7805345743e+00 4.9318803411e+00
237 238 240
6 18 580 376.3600 155.6600 19 807 407.5500 131.8700 17 477 249.2700 162.8600 88 185 10.2100 -143.6100 16 310 154.3700 121.0900 91 587 279.0800 -191.5500
-8.8434407992e+00 -3.7855363095e+00 4.8083952141e+00
121 125 125
7 18 401 354.6700 154.6300 19 370 387.2200 130.4200 17 329 228.7400 161.8500 20 342 460.1300 149.5200 88 121 -26.7400 -146.8200 16 311 135.2300 120.9300 91 210 250.9000 -195.4800
-2.4079082968e+01 -3.9684981023e+00 -2.3935806638e+00
129 122 116
4 18 387 -463.0200 101.1500 19 217 -467.9800 38.7700 17 313 -485.3000 122.9800 16 454 -462.3400 124.9400
1.4174772022e+01 1.3451457275e+01 -4.6330162522e+01
211 209 122
5 18 923 409.1600 451.5900 19 903 244.2700 415.1700 17 813 533.4000 456.5300 88 222 337.9200 371.7800 16 524 721.5800 402.7700
-8.4617177589e+00 -5.2296217173e+00 4.5528211831e+00
46 49 55
8 18 559 372.8900 75.3300 19 536 404.6000 54.0800 17 462 248.3400 83.2000 20 508 473.4399 75.2900 88 251 9.9900 -292.4500 16 630 152.5100 42.2600 91 279 281.8500 -312.4900 21 878 498.6801 74.0300
-7.8792474083e+00 -4.0767051009e+00 5.1048800168e+00
41 48 54
5 18 574 411.9399 140.2400 19 552 441.5000 118.2500 17 703 283.7000 147.6000 88 258 75.8700 -170.1900 16 637 185.3500 103.7000
-2.3350789807e+01 -3.5032002600e+00 -2.1395709824e+00
205 206 208
5 18 565 -430.2400 124.7800 19 349 -433.2100 66.4800 17 474 -457.1100 143.6100 16 646 -438.1800 141.8800 89 194 -244.6500 -284.3900
-9.0326653119e+00 -3.1624752853e+00 4.8221760023e+00
186 199 211
5 18 803 343.8199 188.9800 19 814 375.4301 163.5900 17 720 217.9800 195.0100 20 824 449.1000 181.8800 16 652 126.7400 154.2900
1.6108107999e+01 1.3077968481e+01 -4.4873501499e+01
111 113 61
5 18 922 457.0100 450.7000 19 901 290.9500 415.4400 17 812 581.8101 455.5400 88 221 444.9900 368.8800 16 747 772.7500 400.3400
1.3570605786e+01 1.4011334223e+01 -4.7475570979e+01
101 85 54
5 18 1361 389.1400 457.4299 19 1341 223.4100 420.7800 17 1204 513.8500 462.2000 88 324 293.5800 385.2500 16 750 702.8700 409.3100
1.4676387688e+01 1.0487197269e+01 -4.1972601158e+01
184 183 127
5 18 1288 456.6899 410.7400 19 1257 296.6200 377.3600 17 1143 574.8300 414.8200 88 411 437.7500 280.1000 16 1030 755.8101 357.7200
1.1518704381e+01 1.1419906355e+01 -4.4447518722e+01
206 197 101
6 18 1296 374.7600 419.9400 19 1269 216.4200 384.0400 17 1151 493.1000 423.5300 20 2069 83.2600 387.2900 88 417 255.4100 300.0100 16 1054 671.9200 369.8500
1.6156161134e+01 1.2187399758e+01 -4.3696248013e+01
113 110 57
6 18 2110 468.4800 438.3600 19 2051 303.7800 403.8500 17 1816 591.7800 442.9600 88 441 469.1000 341.1600 16 1080 780.5100 386.5300 91 657 -488.2800 157.2900
1.3725231122e+01 1.4966790493e+01 -4.8790617594e+01
248 247 141
4 18 2191 380.9700 469.9900 19 2107 214.2800 432.6000 17 1875 508.5601 474.7200 16 1124 700.1000 422.4500
-1.1011619608e+01 -2.5537936128e+00 4.3250141452e+00
187 207 212
10 18 1921 229.4100 218.1500 19 1872 264.7700 187.7600 17 1621 108.4600 224.5900 20 3365 346.9100 204.7800 88 531 -254.3200 -34.1900 16 1451 28.0500 188.7300 91 1154 74.2800 -115.2700 21 3393 392.7100 194.5900 86 596 -346.9300 -110.0700 87 698 396.7500 -200.7600
-2.1531606019e+01 -1.5466019822e+00 -3.3682407320e-01
168 190 206
6 18 1923 -351.8600 230.8500 19 1869 -343.3200 179.0300 17 1623 -397.6300 241.2200 16 1464 -392.6600 230.0300 87 963 -350.0900 -131.9200 89 480 -73.0300 -92.0100
1.0704594551e+01 1.3988875137e+01 -4.8355593831e+01
139 145 80
6 18 1354 329.7700 453.6500 19 1325 167.2700 415.9800 17 1842 453.0900 457.7000 20 1365 28.8100 418.5500 88 453 158.4900 377.0600 16 1621 638.2500 406.4600
1.0723575441e+01 1.1230050547e+01 -4.4286712514e+01
232 224 138
5 18 3689 361.1400 416.6200 19 3351 203.8200 380.5400 17 3012 478.1600 420.0900 88 858 223.2100 293.2800 16 2495 654.4301 366.7300
1.1084116879e+01 1.1200934209e+01 -4.4069351435e+01
151 136 38
6 18 3693 369.8101 416.9400 19 3353 211.9700 381.0900 17 3014 486.8700 420.6300 20 3518 79.3200 384.5500 88 861 242.5300 294.0300 16 2498 663.4301 366.8900
1.3154663156e+01 1.3938359193e+01 -4.7603935705e+01
152 140 72
6 18 7293 380.1700 455.6500 19 6209 215.5800 418.7300 17 3151 505.0900 460.1300 20 6621 76.0200 421.3700 88 985 274.3199 381.3100 16 2610 693.0900 407.3700
1.0851474912e+01 1.5392411058e+01 -5.0952625852e+01
245 228 179
5 18 7355 314.3900 468.4399 19 6234 148.6700 429.5200 17 6153 441.5400 472.8199 88 1018 127.7600 411.8200 16 2641 631.0000 422.6900
9.8203710766e+00 1.5677699821e+01 -5.1358921298e+01
217 214 147
5 18 3950 293.2300 472.1500 19 3530 127.4800 433.2400 17 3182 419.9700 476.4100 88 699 78.8800 420.3400 16 2652 608.6200 426.8201
1.0246220470e+01 1.9058112655e+01 -5.0494018396e+01
236 214 164
5 18 4050 303.0601 539.6400 19 3590 134.7500 498.8800 17 3273 430.6700 544.6899 88 734 100.2500 574.4100 16 2729 623.9700 497.4100
1.0280504386e+01 2.0280531667e+01 -5.0200661116e+01
253 251 230
4 18 7508 304.5601 564.2400 19 6344 135.3400 523.2000 17 6351 432.4399 569.8101 16 2768 627.2500 523.3800
1.6181396194e+01 1.1799198617e+01 -4.3254752273e+01
244 228 137
6 18 3767 472.7700 432.2500 19 6128 308.7100 398.1200 17 5934 595.8600 437.1600 88 915 478.5900 328.0100 16 4490 783.9500 380.2900 91 1253 -474.0300 145.7000
-3.4440801356e+00 2.7104670010e+01 -8.3803682586e+01
253 251 237
6 18 7470 -40.7800 520.5601 19 6323 -228.8300 473.5200 17 6279 116.0200 523.7400 16 4761 332.8400 485.3000 86 1135 615.2400 512.0400 89 894 557.4500 442.1200
1.0120631564e+01 2.0195088647e+01 -5.0145068103e+01
132 121 89
4 18 7507 302.0300 562.9399 19 6343 133.1400 521.5900 17 6348 429.7400 568.6899 16 4836 624.1100 522.2600
-8.7730788536e+00 -3.9373836977e+00 4.6430398738e+00
166 177 183
5 18 24 353.5000 146.9400 19 22 384.3900 123.4900 17 20 229.4200 153.3100 88 6 -20.9000 -165.5200 91 13 249.4800 -209.1000
-2.3350927700e+01 -2.8276122270e+00 -1.8344309982e+00
179 190 200
3 18 18 -434.1600 157.9900 19 17 -435.4000 101.8900 17 21 -461.1300 173.7000
2.9047140079e+01 2.4621634244e+01 -6.3750213627e+01
191 190 180
4 18 86 515.5699 564.6000 19 80 320.2300 524.3400 17 86 677.4200 575.3800 20 77 153.8100 523.8199
-1.7904782385e+01 2.6273456888e-01 1.4719922792e+00
166 202 238
3 18 178 -169.7800 341.2600 19 155 -148.4000 298.1100 17 149 -242.9300 342.6000
2.2554482208e+01 1.2057010268e+01 -4.0620386970e+01
179 186 105
4 18 194 618.5100 448.5200 19 171 444.9399 416.3600 17 173 750.3000 454.9600 20 249 301.9800 419.2200
-9.0019384937e+00 -5.0770719160e+00 4.2962114505e+00
221 227 228
6 18 239 339.0400 81.9700 19 222 371.3400 58.7600 17 208 217.4100 91.7000 88 70 -48.4800 -278.7500 91 195 232.6100 -309.5600 21 341 473.0200 76.1000
-1.1755107616e+01 -1.3151657114e-01 3.8257267369e+00
215 234 251
4 18 278 175.9400 347.0000 19 266 204.3700 312.0900 17 228 64.3000 349.7300 88 88 -345.9600 194.5100
2.1712320774e+01 9.3211465504e+00 -3.7355950783e+01
151 151 73
3 18 297 640.3700 405.5400 19 283 471.4800 375.6300 17 250 766.0800 411.1300
1.2181866073e+01 2.6721545968e+01 -7.3647931523e+01
199 196 183
4 18 333 211.5300 555.9700 19 307 24.9200 512.7500 17 282 364.5200 560.9301 20 265 -140.6800 516.0900
1.2210112906e+01 2.6756476851e+01 -7.3751495182e+01
199 196 183
3 18 334 211.5300 555.9700 19 308 24.9200 512.7500 17 283 364.5200 560.9301
-9.3330189996e+00 -4.3949418426e+00 4.3914739902e+00
159 168 175
4 18 389 322.5900 119.1100 19 353 355.7200 94.5000 17 316 199.7900 127.1400 88 112 -81.6500 -212.9800
-9.1640290940e+00 -4.2752113784e+00 4.5264531832e+00
127 128 127
6 18 393 333.8300 126.0800 19 357 366.9500 101.9200 17 318 209.9300 133.9700 20 331 440.0699 121.4900 88 114 -62.8100 -199.0900 91 203 223.8500 -240.9900
-2.3659179379e+01 -3.0932398462e+00 -2.1273352042e+00
180 189 193
6 18 258 -445.6100 143.9300 19 230 -450.0100 84.6400 17 333 -470.7700 162.2400 20 202 -399.0100 88.0100 87 238 -464.9200 -264.3500 89 151 -272.1200 -247.2300
-2.3950904275e+01 -2.9954337840e+00 -2.2466001888e+00
27 28 28
4 18 259 -459.5900 147.3500 19 233 -466.3200 87.2600 17 334 -482.0700 165.9500 87 242 -481.9100 -256.4500
-2.3678082754e+01 -2.0481384017e+00 -1.9130701500e+00
19 19 25
5 18 272 -450.6800 195.2100 19 252 -456.1800 138.0800 17 346 -475.5200 207.8100 20 138 -404.5100 144.9000 89 113 -269.5600 -151.0900
2.3059337781e+01 1.1216535857e+01 -3.9249636725e+01
124 116 69
4 18 640 643.6899 437.2000 19 621 469.8101 406.3300 17 383 775.0200 443.5300 20 602 327.6899 409.2600
1.6904395202e+01 1.2749783844e+01 -4.4100425315e+01
204 210 124
3 18 463 478.4900 447.6799 19 429 312.1899 412.5000 17 385 603.8400 452.7300
-8.9797356296e+00 -4.3218403317e+00 4.5893233948e+00
162 169 181
5 18 566 344.6100 124.2500 19 542 377.2700 100.4700 17 466 219.9800 131.8200 20 806 449.7000 119.9400 91 384 239.1400 -242.4700
-8.7381312271e+00 -4.2437990452e+00 4.7214853792e+00
162 170 181
6 18 568 359.7200 129.1300 19 547 391.9100 106.0600 17 468 233.9600 136.4700 20 517 463.4500 125.8000 88 254 -16.6100 -193.4700 91 388 259.4399 -232.3200
-4.1950317099e+00 -4.2844996658e+00 4.8346220159e+00
45 49 51
3 18 396 591.7500 134.7200 19 243 597.0200 119.8900 17 470 477.7400 138.8000
-2.4473313371e+01 -3.5584528080e+00 -2.5105066073e+00
138 136 131
3 18 391 -482.1000 119.8100 19 347 -489.9400 57.6500 17 472 -501.1600 139.8400
-9.1557737431e+00 -4.0879513613e+00 4.6015931743e+00
166 176 185
5 18 571 335.4000 136.9300 19 549 368.3400 112.4300 17 473 210.5100 144.4000 20 812 441.5699 131.4700 88 256 -60.8400 -180.0300
-2.5908784969e+01 -2.2767708042e+00 -2.9429485807e+00
107 116 118
3 18 407 -550.4900 176.3600 19 241 -568.1400 114.2900 17 486 -557.7800 192.6700
-2.5553357888e+01 -2.1849378768e+00 -2.6267116437e+00
72 76 75
4 18 410 -536.2200 182.3300 19 363 -551.0900 120.4200 17 487 -547.1200 198.8000 20 333 -509.6000 125.1300
-2.3421363332e+01 -1.9988603976e+00 -1.7285240757e+00
253 254 251
3 18 412 -439.2500 198.7600 19 375 -442.8600 141.0500 17 491 -466.6100 213.2900
2.0253163006e+01 8.8975626242e+00 -3.7721939371e+01
202 206 121
3 18 610 607.7300 395.1900 19 590 442.6000 365.4900 17 520 730.8000 399.0600
1.8844973628e+01 9.5766550017e+00 -3.9144081736e+01
122 131 88
4 18 621 565.0200 403.9200 19 863 400.6700 373.0000 17 534 686.5400 408.0000 88 202 678.0200 263.3100
1.9936211594e+01 1.0665682619e+01 -4.0018836619e+01
192 187 128
4 18 633 575.8500 422.8400 19 881 408.8101 390.9800 17 546 701.1300 427.8101 88 209 706.1700 305.8900
2.0798596114e+01 1.0803068175e+01 -3.9847557017e+01
158 174 85
5 18 634 594.2700 426.2500 19 612 424.9000 394.6900 17 549 721.2600 431.8800 20 585 286.1300 397.5100 88 148 746.9500 313.9300
2.2572498866e+01 1.1003532594e+01 -3.9325208354e+01
218 215 141
