# Bundle file v0.3
110 3452
0 0 0
0 0 0
0 0 0
0 0 0
0 0 0
0 0 0
0 0 0
0 0 0
0 0 0
0 0 0
0 0 0
0 0 0
0 0 0
0 0 0
0 0 0
0 0 0
0 0 0
0 0 0
0 0 0
0 0 0
0 0 0
0 0 0
0 0 0
0 0 0
0 0 0
0 0 0
0 0 0
0 0 0
0 0 0
0 0 0
0 0 0
0 0 0
0 0 0
0 0 0
0 0 0
0 0 0
0 0 0
0 0 0
0 0 0
0 0 0
0 0 0
0 0 0
0 0 0
0 0 0
0 0 0
0 0 0
0 0 0
0 0 0
0 0 0
0 0 0
1.6787855138e+03 -1.4925540235e-01 1.9232421728e-01
3.9063517142e-01 1.9144934729e-01 -9.0041729785e-01
-2.6250749847e-01 9.6068804784e-01 9.0378581403e-02
8.8232305654e-01 2.0106123980e-01 4.2553542949e-01
3.4464210451e+00 2.9290282449e+00 -2.9381092996e+01
1.6779210792e+03 -1.5731835717e-01 2.1554231893e-01
5.7122166997e-01 2.0556543105e-01 -7.9463743765e-01
-2.7454600411e-01 9.6021823369e-01 5.1043464898e-02
7.7351812867e-01 1.8900739996e-01 6.0493463067e-01
3.7696284312e+00 3.7307625631e+00 -2.8382564090e+01
1.6725703086e+03 -1.2759572667e-01 1.3668423498e-01
7.1134419748e-01 1.5692553101e-01 -6.8510131399e-01
-2.1984664629e-01 9.7552253635e-01 -4.8200814608e-03
6.6757537764e-01 1.5404596323e-01 7.2843184745e-01
5.2941304594e+00 4.4302618639e+00 -2.9254929731e+01
1.6808321510e+03 -1.6580886880e-01 2.1453246107e-01
8.1104825815e-01 1.3761730400e-01 -5.6856151874e-01
-1.7353879124e-01 9.8478415637e-01 -9.1898476471e-03
5.5864569352e-01 1.0612088863e-01 8.2258941527e-01
6.9474307558e+00 4.6758547155e+00 -3.1373003143e+01
1.6756886344e+03 -1.4271169046e-01 1.6271111181e-01
9.1357681226e-01 9.6083825859e-02 -3.9515225737e-01
-1.1401955996e-01 9.9323271375e-01 -2.2097879627e-02
3.9035490012e-01 6.5243196929e-02 9.1834981201e-01
7.0946506259e+00 4.6300872826e+00 -3.2535358886e+01
1.6768054029e+03 -1.5107224071e-01 1.8780125692e-01
9.4585217413e-01 8.2776329785e-02 -3.1386580560e-01
-9.8165572519e-02 9.9460546268e-01 -3.3518561815e-02
3.0939810127e-01 6.2514421067e-02 9.4887552508e-01
1.0713871404e+01 5.2084877024e+00 -3.3692332999e+01
1.6758143142e+03 -1.5413290992e-01 2.0757886400e-01
9.8410408637e-01 4.8770323367e-02 -1.7076475850e-01
-5.4303355306e-02 9.9813521049e-01 -2.7879153303e-02
1.6908664285e-01 3.6709088045e-02 9.8491733159e-01
1.1201861417e+01 5.2666078083e+00 -3.5423313076e+01
1.6705066110e+03 -1.3648879161e-01 1.6091470349e-01
9.9979393075e-01 -2.0219672817e-02 -1.8057854062e-03
2.0105061699e-02 9.9856310640e-01 -4.9674027754e-02
2.8075832735e-03 4.9627486038e-02 9.9876385102e-01
1.1989442107e+01 6.7004626948e+00 -3.6230334066e+01
1.6680381760e+03 -1.3190270313e-01 1.4256629724e-01
9.8911042209e-01 -4.3309545112e-02 1.4065865142e-01
5.0058503335e-02 9.9774094628e-01 -4.4801231749e-02
-1.3840057500e-01 5.1354526817e-02 9.8904397951e-01
1.3363421945e+01 6.7143852872e+00 -3.6482987370e+01
1.6693982700e+03 -1.5621402696e-01 1.9439127523e-01
9.5540256090e-01 -9.0608601462e-02 2.8106232043e-01
9.6905302584e-02 9.9525683051e-01 -8.5559129430e-03
-2.7895395490e-01 3.5410770343e-02 9.5965137857e-01
1.3051064927e+01 6.5108773136e+00 -3.8335822245e+01
1.6643880692e+03 -1.4669486095e-01 1.6759483695e-01
9.0046517313e-01 -1.1186005759e-01 4.2029727516e-01
1.2228150328e-01 9.9249309575e-01 2.1653717001e-03
-4.1738436236e-01 4.9444740830e-02 9.0738388329e-01
1.3489141077e+01 7.0886835004e+00 -3.9803259578e+01
1.6605545615e+03 -1.3270539946e-01 1.1639439142e-01
8.0703626576e-01 -1.2939153251e-01 5.7615127967e-01
1.3758732639e-01 9.9004665239e-01 2.9620157241e-02
-5.7424924325e-01 5.5366573077e-02 8.1680618828e-01
1.3146652836e+01 7.1288508673e+00 -4.2650706565e+01
0 0 0
0 0 0
0 0 0
0 0 0
0 0 0
0 0 0
0 0 0
0 0 0
0 0 0
0 0 0
0 0 0
0 0 0
0 0 0
0 0 0
0 0 0
0 0 0
0 0 0
0 0 0
0 0 0
0 0 0
0 0 0
0 0 0
0 0 0
0 0 0
0 0 0
0 0 0
0 0 0
0 0 0
0 0 0
0 0 0
0 0 0
0 0 0
0 0 0
0 0 0
0 0 0
0 0 0
0 0 0
0 0 0
0 0 0
0 0 0
0 0 0
0 0 0
0 0 0
0 0 0
0 0 0
0 0 0
0 0 0
0 0 0
0 0 0
0 0 0
0 0 0
0 0 0
0 0 0
0 0 0
0 0 0
0 0 0
0 0 0
0 0 0
0 0 0
0 0 0
0 0 0
0 0 0
0 0 0
0 0 0
0 0 0
0 0 0
0 0 0
0 0 0
0 0 0
0 0 0
0 0 0
0 0 0
0 0 0
0 0 0
0 0 0
0 0 0
0 0 0
0 0 0
0 0 0
0 0 0
0 0 0
0 0 0
0 0 0
0 0 0
0 0 0
0 0 0
0 0 0
0 0 0
0 0 0
0 0 0
0 0 0
0 0 0
0 0 0
0 0 0
0 0 0
0 0 0
0 0 0
0 0 0
0 0 0
0 0 0
0 0 0
0 0 0
0 0 0
0 0 0
0 0 0
0 0 0
0 0 0
0 0 0
0 0 0
0 0 0
0 0 0
0 0 0
0 0 0
0 0 0
0 0 0
0 0 0
0 0 0
0 0 0
0 0 0
0 0 0
1.6660405278e+03 -1.2584498978e-01 1.3600244170e-01
7.2688518150e-01 1.4920841190e-01 -6.7035422184e-01
-2.3431349388e-01 9.7142390169e-01 -3.7852210141e-02
6.4555024553e-01 1.8458725049e-01 7.4107518340e-01
4.3350200205e+00 -7.1835224550e-01 -1.3033048323e+01
0 0 0
0 0 0
0 0 0
0 0 0
0 0 0
0 0 0
0 0 0
0 0 0
0 0 0
0 0 0
0 0 0
0 0 0
0 0 0
0 0 0
0 0 0
0 0 0
0 0 0
0 0 0
0 0 0
0 0 0
0 0 0
0 0 0
0 0 0
0 0 0
0 0 0
0 0 0
0 0 0
0 0 0
0 0 0
0 0 0
0 0 0
0 0 0
0 0 0
0 0 0
0 0 0
0 0 0
0 0 0
0 0 0
0 0 0
0 0 0
0 0 0
0 0 0
0 0 0
0 0 0
0 0 0
0 0 0
0 0 0
0 0 0
0 0 0
0 0 0
0 0 0
0 0 0
0 0 0
0 0 0
0 0 0
0 0 0
0 0 0
0 0 0
0 0 0
0 0 0
0 0 0
0 0 0
0 0 0
0 0 0
0 0 0
0 0 0
0 0 0
0 0 0
0 0 0
0 0 0
0 0 0
0 0 0
0 0 0
0 0 0
0 0 0
0 0 0
0 0 0
0 0 0
0 0 0
0 0 0
0 0 0
0 0 0
0 0 0
0 0 0
0 0 0
0 0 0
0 0 0
0 0 0
0 0 0
0 0 0
0 0 0
0 0 0
0 0 0
0 0 0
0 0 0
0 0 0
0 0 0
0 0 0
0 0 0
0 0 0
0 0 0
0 0 0
0 0 0
0 0 0
0 0 0
0 0 0
0 0 0
0 0 0
0 0 0
0 0 0
0 0 0
0 0 0
0 0 0
0 0 0
0 0 0
0 0 0
0 0 0
0 0 0
0 0 0
0 0 0
0 0 0
0 0 0
0 0 0
0 0 0
0 0 0
0 0 0
0 0 0
0 0 0
0 0 0
0 0 0
0 0 0
0 0 0
0 0 0
0 0 0
0 0 0
0 0 0
0 0 0
0 0 0
0 0 0
0 0 0
0 0 0
0 0 0
0 0 0
0 0 0
0 0 0
0 0 0
0 0 0
0 0 0
0 0 0
0 0 0
0 0 0
0 0 0
0 0 0
0 0 0
0 0 0
0 0 0
0 0 0
0 0 0
0 0 0
0 0 0
0 0 0
0 0 0
0 0 0
0 0 0
0 0 0
0 0 0
0 0 0
0 0 0
0 0 0
0 0 0
0 0 0
0 0 0
0 0 0
0 0 0
0 0 0
0 0 0
0 0 0
0 0 0
0 0 0
0 0 0
0 0 0
0 0 0
0 0 0
0 0 0
0 0 0
4.7885414536e+03 5.0849585723e-02 2.6675181515e-03
6.8431811420e-01 5.6255132915e-02 -7.2701037035e-01
-3.9164049248e-02 9.9841607972e-01 4.0391942317e-02
7.2813109796e-01 8.3173215278e-04 6.8543738766e-01
5.9442515576e+00 3.0868017349e-01 -4.5820647552e+01
4.8030466168e+03 6.3645207506e-02 6.5168048917e-03
8.4537609313e-01 1.2611788276e-01 -5.1906988047e-01
-6.3955237139e-02 9.8863576133e-01 1.3604800277e-01
5.3032913253e-01 -8.1814491759e-02 8.4383493654e-01
8.7952749589e+00 7.3248814038e-01 -6.3341902408e+01
4.8064561684e+03 5.9217393779e-02 2.0904691850e-04
9.8660447418e-01 4.3537950070e-02 -1.5721341681e-01
-2.1773806978e-02 9.9024964055e-01 1.3759197187e-01
1.6167100189e-01 -1.3232572046e-01 9.7793271284e-01
6.7984557391e+00 -7.4454792596e-02 -5.6108624113e+01
4.7921928816e+03 1.1038831065e-01 6.4771992606e-03
9.5056798493e-01 7.2014868335e-02 -3.0205026860e-01
-2.4740831571e-02 9.8720750592e-01 1.5750946479e-01
3.0952931569e-01 -1.4225047973e-01 9.4018955735e-01
1.5350205119e+01 -1.1982551951e+00 -5.4297964271e+01
4.7847642502e+03 9.7763621099e-02 2.4385433186e-03
9.6532228470e-01 -4.8786384210e-02 2.5646203497e-01
1.3082342143e-02 9.9018907391e-01 1.3912027251e-01
-2.6073307997e-01 -1.3094077522e-01 9.5648981928e-01
5.7487609780e+00 1.1203972269e+00 -5.6260083553e+01
0 0 0
0 0 0
0 0 0
0 0 0
0 0 0
0 0 0
0 0 0
0 0 0
0 0 0
0 0 0
4.7888334314e+03 2.5808063859e-02 1.8034915753e-03
7.6064936668e-01 -1.7681523222e-01 6.2461901558e-01
5.4307097453e-02 9.7615072544e-01 2.1019158022e-01
-6.4688737825e-01 -1.2596084662e-01 7.5211075314e-01
5.3174904925e+00 1.0413177841e-01 -6.9041877967e+01
0 0 0
0 0 0
0 0 0
0 0 0
0 0 0
0 0 0
0 0 0
0 0 0
0 0 0
0 0 0
0 0 0
0 0 0
0 0 0
0 0 0
0 0 0
0 0 0
0 0 0
0 0 0
0 0 0
0 0 0
0 0 0
0 0 0
0 0 0
0 0 0
0 0 0
0 0 0
0 0 0
0 0 0
0 0 0
0 0 0
0 0 0
0 0 0
0 0 0
0 0 0
0 0 0
0 0 0
0 0 0
0 0 0
0 0 0
0 0 0
0 0 0
0 0 0
0 0 0
0 0 0
0 0 0
0 0 0
0 0 0
0 0 0
0 0 0
0 0 0
0 0 0
0 0 0
0 0 0
0 0 0
0 0 0
0 0 0
0 0 0
0 0 0
0 0 0
0 0 0
0 0 0
0 0 0
0 0 0
0 0 0
0 0 0
0 0 0
0 0 0
0 0 0
0 0 0
0 0 0
0 0 0
0 0 0
0 0 0
0 0 0
0 0 0
0 0 0
0 0 0
0 0 0
0 0 0
0 0 0
0 0 0
0 0 0
0 0 0
0 0 0
0 0 0
0 0 0
0 0 0
0 0 0
0 0 0
0 0 0
-2.2017037043e+01 -1.7563025283e+00 -1.4349150300e+00
23 22 25
7 18 269 -404.3000 185.7900 19 247 -405.0100 130.4300 17 345 -436.5900 199.6500 20 137 -348.2700 137.6300 16 475 -420.7900 193.7200 21 164 -275.6900 123.5600 87 250 -406.2100 -202.9100
-3.8736455053e+01 3.3152009588e+01 -1.0555084469e+02
192 190 175
5 18 967 -503.0700 519.9900 19 941 -720.0200 465.7700 17 852 -319.3000 519.7200 16 1168 -83.0900 496.4900 12 832 708.6500 587.0300
-1.9838426849e+01 2.3108965641e+01 -6.9686402426e+01
130 128 100
11 18 2250 -275.9500 516.8800 19 2153 -456.3900 466.3000 17 1916 -128.7800 517.4600 20 1440 -628.2000 475.5500 16 1709 73.1900 487.2300 15 1632 248.5100 513.1300 14 1795 300.5100 503.9200 13 1789 565.8900 530.1200 86 547 -30.2000 502.7700 12 1246 771.8700 574.6300 87 602 714.1600 413.8000
-5.6435268571e+00 -3.3225330896e+00 5.9049963566e+00
214 232 217
15 18 6644 480.2200 156.9200 19 3151 507.5100 138.1000 17 5451 347.6200 161.9300 20 6197 571.6400 158.6000 88 758 193.9500 -139.4000 16 4193 242.9200 113.9600 91 1148 420.2400 -173.3400 21 5906 584.0100 152.7300 14 3711 -40.8900 104.3700 13 4001 -80.6000 130.0000 86 1192 14.3800 -230.1900 12 3806 -187.5000 136.8900 87 678 766.5300 -328.1300 85 2748 41.7300 -109.5600 84 977 -249.5500 -266.8600
-3.7793609080e+01 3.4374709032e+01 -1.0437819064e+02
187 187 172
5 18 975 -494.1800 539.3300 19 953 -710.8400 485.8300 17 1260 -310.9100 538.2600 15 1095 122.7600 540.9200 13 1231 490.9800 559.4800
-3.7793609080e+01 3.4374709032e+01 -1.0437819064e+02
187 187 172
5 18 976 -494.1800 539.3300 19 954 -710.8400 485.8300 17 1261 -310.9100 538.2600 15 1096 122.7600 540.9200 13 1232 490.9800 559.4800
-1.9827216781e+01 2.3085763055e+01 -6.9602059991e+01
130 128 100
9 18 2251 -275.9500 516.8800 19 2154 -456.3900 466.3000 17 1917 -128.7800 517.4600 16 1710 73.1900 487.2300 15 1634 248.5100 513.1300 14 1797 300.5100 503.9200 13 1791 565.8900 530.1200 86 548 -30.2000 502.7700 87 603 714.1600 413.8000
-2.0056019844e+01 2.3226041267e+01 -6.9603193449e+01
253 242 218
9 18 4028 -279.7600 518.8700 19 3581 -460.3400 468.3900 17 3246 -132.4000 519.5000 20 3788 -632.4000 477.7200 16 2716 69.7700 489.2300 15 2651 245.1899 515.2000 13 2897 562.1899 532.1700 86 1131 -38.3000 508.2100 87 1242 706.0699 419.1400
-2.3239076856e+01 -2.2216867828e+00 -2.0152747777e+00
181 191 195
4 18 403 -457.7700 159.7200 19 356 -463.8800 100.6100 17 479 -481.0600 176.5100 21 232 -344.2700 89.1800
-1.0509203143e+01 -3.0522511657e+00 3.7525192565e+00
149 164 172
12 18 95 190.8500 158.6000 19 89 224.9399 127.7100 17 138 79.2200 166.3600 88 47 -316.2100 -144.5400 16 212 4.5600 132.7000 91 58 16.2100 -212.7300 15 295 -31.1700 150.8500 21 168 352.9500 136.8800 14 309 -214.0800 133.1200 86 89 -384.8200 -211.1100 87 111 357.6500 -301.2300 85 320 -178.5900 -84.1500
-7.8189027365e+00 -2.9140821154e+00 4.9742079667e+00
221 228 232
10 18 172 349.1000 171.2000 19 147 380.6400 145.7500 17 220 223.4800 178.7400 88 84 -36.9500 -116.2400 16 214 131.6400 138.8900 91 144 240.0900 -174.2400 15 217 80.5500 156.0100 14 310 -123.1000 137.9100 86 128 -168.0000 -191.6700 87 151 577.1300 -285.5100
-2.2484161247e+01 -1.4303080036e+00 -1.5587016732e+00
75 73 72
4 18 273 -426.3900 199.9700 19 253 -429.2000 143.3100 20 141 -375.7700 150.8600 21 169 -303.2200 136.8200
-8.7729887588e+00 -3.3222815344e+00 4.4292173698e+00
212 209 200
8 18 256 291.5900 145.7700 19 244 324.5400 118.6100 17 216 170.6500 154.5500 20 214 399.6200 136.1900 16 207 84.5600 118.0300 15 288 38.8600 135.7000 14 424 -155.5600 116.5100 87 145 498.4000 -322.2400
-1.0134000884e+01 -3.0422846495e+00 3.9447903690e+00
66 68 72
11 18 402 213.8800 159.1400 19 369 247.9600 129.0800 17 335 98.2800 167.1900 20 526 327.2400 146.7000 16 316 20.3900 133.4500 91 283 48.8500 -208.0800 15 403 -18.3600 152.7800 21 577 372.9500 139.2500 14 429 -203.4900 135.0400 86 203 -354.9700 -209.5700 87 232 387.7500 -300.5300
-3.2994353434e+01 3.5163548467e+01 -1.0211307496e+02
247 245 233
5 18 700 -437.8000 557.5000 19 458 -650.3000 504.8900 17 610 -258.7600 556.6700 15 509 172.2600 558.0300 14 553 248.7600 549.1100
-2.2274506331e+01 -3.3313107608e+00 -1.8438330798e+00
204 208 212
4 18 790 -410.5900 110.1000 19 534 -410.8400 51.0000 20 506 -356.3700 53.7900 21 551 -286.3000 37.7200
-7.6266189753e+00 -3.7251764331e+00 4.9213138780e+00
162 170 181
9 18 569 359.7200 129.1300 19 548 391.9100 106.0600 17 469 233.9600 136.4700 20 518 463.4500 125.8000 88 255 -16.6100 -193.4700 16 636 139.7600 95.2000 91 389 259.4399 -232.3200 15 565 87.3600 110.2400 14 623 -116.6300 90.2600
-2.2759397624e+01 -1.4153927557e+00 -1.6320221004e+00
253 254 251
7 18 413 -439.2500 198.7600 19 376 -442.8600 141.0500 17 492 -466.6100 213.2900 16 481 -444.6600 207.8300 15 418 -407.9200 238.9100 14 667 -506.4100 226.0500 85 459 -612.7700 36.7200
-3.5330656554e+01 3.7575252889e+01 -1.0210599872e+02
190 187 179
6 18 706 -468.8200 587.4200 19 686 -684.6800 536.0400 17 614 -287.5100 584.4600 16 832 -50.3200 558.2300 15 753 147.5000 585.8300 14 802 224.5200 576.9200
-5.9777080371e+00 -2.3950448525e+00 6.1840806159e+00
221 230 231
11 18 585 467.5699 208.4600 19 560 495.5000 187.1600 17 490 332.3900 212.9100 20 530 563.3800 205.9400 88 128 168.7500 -49.8600 16 467 228.1300 165.7300 91 215 402.6700 -101.6300 15 581 163.3400 180.7200 21 904 579.0601 196.8400 14 965 -60.0500 161.6200 85 878 17.0300 -29.2200
-2.0593940241e+01 -2.2130069047e+00 -6.3832257410e-01
121 137 146
7 18 582 -337.7800 169.6400 19 551 -328.9600 116.2800 17 715 -383.1000 183.9800 16 960 -380.5500 175.5500 15 1393 -356.8700 205.0900 14 1519 -468.2500 191.2300 87 359 -328.9800 -234.1000
-3.3508899788e+00 2.7277159598e+01 -8.5991155673e+01
144 140 140
8 18 2252 -44.4000 518.5800 19 2158 -232.5400 471.5000 17 1920 112.5700 521.4100 20 2258 -407.8800 477.2700 16 1707 329.5900 483.3800 15 2647 526.3400 508.5900 14 1792 598.8600 500.8500 86 550 606.6400 505.3400
-3.4838058433e+00 -1.1296848813e+00 6.3294466659e+00
239 243 243
7 18 3473 596.6100 282.0600 19 5783 606.3101 261.4200 17 2842 468.1200 285.1600 16 2379 369.3000 231.1400 15 2359 308.0800 243.0400 14 2396 77.2700 223.2500 86 1235 221.4700 -23.6200
8.8802821535e+00 2.5939742144e+01 -7.8619931137e+01
236 237 221
5 18 332 143.9900 528.1500 19 306 -41.7400 484.2400 17 281 296.7700 531.8400 16 269 514.2700 488.0200 15 184 720.3500 513.2000
-8.4871660113e+00 -3.7139436541e+00 4.3881486337e+00
8 9 11
8 18 157 306.0500 127.1300 19 134 338.2800 101.6700 17 130 185.8500 135.1300 20 130 411.6000 120.9800 88 43 -110.1400 -199.6700 16 201 98.3600 97.0600 91 85 181.1000 -244.7300 15 211 51.6100 113.6000
-8.4888843374e+00 -3.7142053742e+00 4.3930170483e+00
8 9 11
8 18 158 306.0500 127.1300 19 135 338.2800 101.6700 17 131 185.8500 135.1300 88 44 -110.1400 -199.6700 16 202 98.3600 97.0600 15 212 51.6100 113.6000 86 122 -221.6000 -270.0600 87 143 522.1801 -363.8300
-7.1451531982e+00 -3.0876442931e+00 5.1680894674e+00
16 17 17
9 18 168 387.1400 165.7000 19 146 417.1100 142.5400 17 139 260.2700 171.7600 20 142 487.3300 161.4000 88 83 31.5400 -127.8500 16 211 165.5500 128.0000 91 89 291.9600 -175.6500 15 214 111.9300 141.5800 87 110 635.8101 -306.2800
-2.2411440419e+01 -3.0589711666e+00 -1.8926294961e+00
18 20 22
3 18 250 -417.6000 122.5700 19 223 -418.8700 63.8000 17 320 -446.5600 141.9000
-2.3229916358e+01 -3.0318287680e+00 -2.2454845303e+00
249 250 252
5 18 392 -454.0100 121.9900 19 348 -459.6700 60.9000 17 321 -476.8200 142.0000 16 460 -454.2300 142.5800 21 336 -342.8200 44.5800
-2.3162945659e+01 -1.7408614521e+00 -1.8648329152e+00
225 232 236
3 18 409 -456.1800 182.9300 19 368 -462.1700 124.8900 20 212 -411.0900 130.2200
-2.9197365958e+01 3.0528822832e+01 -1.0079306863e+02
163 165 155
3 18 324 -389.1700 505.7200 19 300 -595.0200 452.0100 15 358 208.9500 506.2400
8.8712977769e+00 2.7818902118e+01 -7.7670192058e+01
182 180 175
6 18 699 145.4400 558.6600 19 681 -40.5800 515.0000 17 611 298.4800 562.8000 20 663 -207.9600 518.8700 16 576 517.5100 519.6200 15 367 724.5000 546.7600
-2.2044653033e+01 -2.4024128125e+00 -1.5206450048e+00
254 255 252
5 18 260 -403.4200 154.2300 19 235 -403.0600 97.1000 17 337 -436.0700 171.7500 16 324 -421.3400 167.8500 15 412 -388.7700 199.4600
-2.2274506331e+01 -3.3313107608e+00 -1.8438330798e+00
204 208 212
4 18 791 -410.5900 110.1000 19 535 -410.8400 51.0000 20 507 -356.3700 53.7900 21 552 -286.3000 37.7200
-7.8807734840e+00 -3.8051077744e+00 4.7933083355e+00
162 169 181
8 18 567 344.6100 124.2500 19 543 377.2700 100.4700 17 467 219.9800 131.8200 20 807 449.7000 119.9400 88 253 -43.6100 -202.7200 16 635 127.0600 91.3100 91 385 239.1400 -242.4700 15 563 75.9200 106.7800
-1.1046823759e+01 -3.4365503993e+00 3.0990192212e+00
67 68 68
4 18 794 157.4700 134.9700 19 802 188.6400 102.5800 16 452 -18.1700 114.2800 15 569 -48.2400 134.7400
-2.2635944673e+01 -3.2307340132e+00 -2.0609400583e+00
251 251 250
7 18 249 -427.0900 113.6900 19 221 -429.4000 52.8900 17 319 -454.0000 134.5200 20 200 -377.0800 53.8000 16 457 -435.7400 134.4900 15 574 -399.5000 167.4300 87 227 -441.3900 -316.0500
-2.1964975382e+01 -2.7770702121e+00 -1.6611895231e+00
43 44 46
7 18 254 -398.0500 136.8100 19 226 -397.6100 79.0800 17 328 -430.7400 154.6800 20 122 -342.3000 83.3300 16 462 -416.6600 151.8400 15 584 -384.7200 184.2400 87 234 -402.4100 -281.2400
-2.1719864488e+01 -1.9482469930e+00 -1.2867993334e+00
173 182 190
8 18 406 -390.4400 177.9000 19 366 -388.5700 122.4400 17 485 -425.3200 192.3900 20 211 -330.4000 129.3300 16 658 -412.2200 185.9300 15 599 -381.1800 216.0700 21 238 -256.9500 115.1900 87 364 -390.6900 -216.3400
-2.3353269984e+01 -1.9239555607e+00 -2.0299958546e+00
26 26 30
8 18 267 -463.4800 173.7300 19 239 -470.8100 115.2700 17 339 -485.7600 189.0800 20 131 -421.4600 120.4200 16 470 -460.5200 186.3300 15 600 -421.0700 218.0200 21 161 -352.5800 105.2700 87 246 -484.4600 -217.4900
-2.3352344814e+01 -1.9285212751e+00 -2.0267320453e+00
26 26 30
7 18 268 -463.4800 173.7300 19 240 -470.8100 115.2700 17 340 -485.7600 189.0800 20 132 -421.4600 120.4200 16 471 -460.5200 186.3300 15 601 -421.0700 218.0200 87 247 -484.4600 -217.4900
-2.2219757858e+01 -1.4580430824e+00 -1.3456000866e+00
213 221 225
4 18 805 -414.8500 199.5000 19 810 -415.8400 143.8400 20 822 -359.1600 151.7500 21 895 -285.8000 137.9300
-2.4043387787e+01 -5.0954504996e+00 5.0389168777e+01
77 67 78
2 18 1915 313.9399 180.0500 19 3150 -469.0200 136.5600
-1.6322198659e+01 1.1470934888e-03 1.9996910833e+00
253 255 255
8 18 1210 -129.1500 298.9100 19 1196 -103.7200 255.7600 17 1036 -210.4100 304.0800 20 1232 -19.7700 270.2800 16 979 -239.1200 280.9000 91 595 -491.0600 -31.3300 15 910 -241.1900 305.3600 87 496 -63.7600 -38.8600
-3.7025958025e+01 3.5379888844e+01 -1.0422546819e+02
204 198 187
5 18 1417 -485.4700 551.7100 19 1404 -701.5000 498.9399 17 1266 -302.5800 550.6801 16 1197 -66.5900 525.2700 15 1676 132.2000 554.2200
-2.3610144257e+01 -2.0949986115e+00 -2.1779119305e+00
252 251 249
6 18 1912 -474.5300 164.9600 19 1857 -482.6700 104.7000 20 1213 -435.2100 109.2200 15 2342 -425.8800 212.0400 21 3372 -366.4200 91.7300 87 956 -499.0400 -228.9600
-2.1413710033e+01 2.7627525922e+01 -6.9318462245e+01
94 90 81
5 18 7527 -305.0400 590.9399 19 3601 -489.7000 541.5500 17 6381 -155.4900 588.9100 16 4900 51.4300 558.0400 15 4722 228.7200 585.5601
-1.9834335689e+01 -3.1598598823e+00 -1.4449189379e+00
10 12 11
5 18 6 -295.8100 123.8600 19 6 -289.2400 71.2900 17 10 -342.7300 139.3400 20 4 -234.4500 78.0600 16 11 -339.3900 132.3500
-7.7122541783e+00 -3.3973448775e+00 4.8593467615e+00
166 177 183
4 18 23 353.5000 146.9400 19 21 384.3900 123.4900 17 19 229.4200 153.3100 16 20 135.9700 111.3000
-7.8176151012e+00 -3.5820577451e+00 4.8853239120e+00
161 173 189
7 18 162 349.7900 136.2100 19 138 381.4200 112.5000 17 135 223.5900 143.8600 20 133 454.3700 132.0000 88 46 -36.4500 -180.2100 16 135 130.3500 103.0700 91 86 244.1000 -223.2800
-7.8955700356e+00 -4.0789375313e+00 4.6869888920e+00
158 167 175
8 18 248 342.2500 109.6900 19 232 375.0800 86.0500 17 211 218.5000 116.9900 20 206 447.0800 106.5600 88 75 -46.1400 -232.2600 16 199 126.0400 77.3400 91 136 236.7000 -265.2100 86 119 -175.2200 -302.5300
-8.3227047393e+00 -3.4872287561e+00 4.6471699719e+00
169 181 189
9 18 163 318.0400 140.4300 19 140 351.3400 115.3000 17 213 194.5500 148.2600 20 135 425.0400 134.6000 88 79 -89.8300 -175.0700 16 204 105.4200 109.3100 91 138 202.0000 -222.3400 86 123 -209.8000 -248.3900 87 144 534.0699 -342.7100
1.2028979509e+01 1.6214169240e+01 -5.2544855909e+01
250 247 236
5 18 315 316.2200 476.6600 19 443 149.7400 437.1200 17 266 444.0300 481.3101 88 97 132.6800 428.8700 16 261 634.6600 431.3800
1.1939822947e+01 1.7118010115e+01 -5.2520865963e+01
252 253 245
5 18 320 313.8400 492.5800 19 449 146.4600 453.0701 17 271 442.0200 497.2500 88 101 127.8400 469.1200 16 264 633.3900 446.4700
-7.7034906456e+00 -3.9004744878e+00 4.8415383059e+00
125 129 126
6 18 388 355.0000 119.4100 19 355 387.1200 96.2500 17 314 229.4800 126.9900 88 110 -25.0700 -211.3400 16 294 135.6400 86.4200 91 202 253.3400 -248.2600
-7.4933199695e+00 -3.5952531660e+00 5.0169558344e+00
98 98 96
7 18 397 368.1600 136.4500 19 358 400.0000 113.5800 17 322 241.5800 143.6600 20 336 471.5900 133.2700 88 115 -2.3600 -179.5900 16 302 146.7000 102.0100 91 204 270.2100 -220.3700
-8.0835556743e+00 -3.3589093848e+00 4.8212488743e+00
132 137 135
8 18 399 333.5400 147.5000 19 364 366.6899 123.1600 17 326 209.0300 155.3400 20 340 440.4100 142.0100 88 118 -63.9600 -160.0000 16 305 117.7900 115.3600 91 208 222.0100 -208.5300 21 362 471.9000 136.0800
-8.0825709380e+00 -3.3589416361e+00 4.8173198472e+00
132 137 135
7 18 400 333.5400 147.5000 19 365 366.6899 123.1600 17 327 209.0300 155.3400 20 341 440.4100 142.0100 88 119 -63.9600 -160.0000 16 306 117.7900 115.3600 91 209 222.0100 -208.5300
-7.3647805049e+00 -3.2467874577e+00 5.1297400414e+00
237 238 240
6 18 580 376.3600 155.6600 19 807 407.5500 131.8700 17 477 249.2700 162.8600 88 185 10.2100 -143.6100 16 310 154.3700 121.0900 91 587 279.0800 -191.5500
-7.7322145697e+00 -3.2520444519e+00 5.0063965851e+00
121 125 125
7 18 401 354.6700 154.6300 19 370 387.2200 130.4200 17 329 228.7400 161.8500 20 342 460.1300 149.5200 88 121 -26.7400 -146.8200 16 311 135.2300 120.9300 91 210 250.9000 -195.4800
-2.3443811230e+01 -3.4668780311e+00 -2.2606180893e+00
129 122 116
4 18 387 -463.0200 101.1500 19 217 -467.9800 38.7700 17 313 -485.3000 122.9800 16 454 -462.3400 124.9400
1.5248935528e+01 1.3785398592e+01 -4.7588725008e+01
211 209 122
5 18 923 409.1600 451.5900 19 903 244.2700 415.1700 17 813 533.4000 456.5300 88 222 337.9200 371.7800 16 524 721.5800 402.7700
-7.3479717642e+00 -4.7371525249e+00 4.7557038945e+00
46 49 55
8 18 559 372.8900 75.3300 19 536 404.6000 54.0800 17 462 248.3400 83.2000 20 508 473.4399 75.2900 88 251 9.9900 -292.4500 16 630 152.5100 42.2600 91 279 281.8500 -312.4900 21 878 498.6801 74.0300
-6.7412600459e+00 -3.5507137191e+00 5.3031277283e+00
41 48 54
5 18 574 411.9399 140.2400 19 552 441.5000 118.2500 17 703 283.7000 147.6000 88 258 75.8700 -170.1900 16 637 185.3500 103.7000
-2.2692176639e+01 -2.9974336078e+00 -2.0209877843e+00
205 206 208
4 18 565 -430.2400 124.7800 19 349 -433.2100 66.4800 17 474 -457.1100 143.6100 16 646 -438.1800 141.8800
-7.9246842433e+00 -2.6120909857e+00 5.0163317643e+00
186 199 211
5 18 803 343.8199 188.9800 19 814 375.4301 163.5900 17 720 217.9800 195.0100 20 824 449.1000 181.8800 16 652 126.7400 154.2900
1.7230935748e+01 1.3408780598e+01 -4.6104742276e+01
111 113 61
5 18 922 457.0100 450.7000 19 901 290.9500 415.4400 17 812 581.8101 455.5400 88 221 444.9900 368.8800 16 747 772.7500 400.3400
1.4622246778e+01 1.4348193263e+01 -4.8759665795e+01
101 85 54
5 18 1361 389.1400 457.4299 19 1341 223.4100 420.7800 17 1204 513.8500 462.2000 88 324 293.5800 385.2500 16 750 702.8700 409.3100
1.5803087142e+01 1.0801747611e+01 -4.3121343463e+01
184 183 127
5 18 1288 456.6899 410.7400 19 1257 296.6200 377.3600 17 1143 574.8300 414.8200 88 411 437.7500 280.1000 16 1030 755.8101 357.7200
1.2565472518e+01 1.1745623229e+01 -4.5652799273e+01
206 197 101
6 18 1296 374.7600 419.9400 19 1269 216.4200 384.0400 17 1151 493.1000 423.5300 20 2069 83.2600 387.2900 88 417 255.4100 300.0100 16 1054 671.9200 369.8500
1.7288801015e+01 1.2509900396e+01 -4.4889726885e+01
113 110 57
6 18 2110 468.4800 438.3600 19 2051 303.7800 403.8500 17 1816 591.7800 442.9600 88 441 469.1000 341.1600 16 1080 780.5100 386.5300 91 657 -488.2800 157.2900
1.4765512914e+01 1.5309124512e+01 -5.0109823959e+01
248 247 141
4 18 2191 380.9700 469.9900 19 2107 214.2800 432.6000 17 1875 508.5601 474.7200 16 1124 700.1000 422.4500
-9.9572891736e+00 -1.9871503415e+00 4.5186784534e+00
187 207 212
10 18 1921 229.4100 218.1500 19 1872 264.7700 187.7600 17 1621 108.4600 224.5900 20 3365 346.9100 204.7800 88 531 -254.3200 -34.1900 16 1451 28.0500 188.7300 91 1154 74.2800 -115.2700 21 3393 392.7100 194.5900 86 596 -346.9300 -110.0700 87 698 396.7500 -200.7600
-2.0800668570e+01 -9.6691165602e-01 -1.9402954997e-01
168 190 206
5 18 1923 -351.8600 230.8500 19 1869 -343.3200 179.0300 17 1623 -397.6300 241.2200 16 1464 -392.6600 230.0300 87 963 -350.0900 -131.9200
1.1698605250e+01 1.4333603987e+01 -4.9662743393e+01
139 145 80
6 18 1354 329.7700 453.6500 19 1325 167.2700 415.9800 17 1842 453.0900 457.7000 20 1365 28.8100 418.5500 88 453 158.4900 377.0600 16 1621 638.2500 406.4600
1.1754468699e+01 1.1555965154e+01 -4.5476178199e+01
232 224 138
5 18 3689 361.1400 416.6200 19 3351 203.8200 380.5400 17 3012 478.1600 420.0900 88 858 223.2100 293.2800 16 2495 654.4301 366.7300
1.2126682304e+01 1.1527904798e+01 -4.5263768437e+01
151 136 38
6 18 3693 369.8101 416.9400 19 3353 211.9700 381.0900 17 3014 486.8700 420.6300 20 3518 79.3200 384.5500 88 861 242.5300 294.0300 16 2498 663.4301 366.8900
1.4200771693e+01 1.4276710985e+01 -4.8899538777e+01
152 140 72
6 18 7293 380.1700 455.6500 19 6209 215.5800 418.7300 17 3151 505.0900 460.1300 20 6621 76.0200 421.3700 88 985 274.3199 381.3100 16 2610 693.0900 407.3700
1.1817499905e+01 1.5735971009e+01 -5.2308664579e+01
245 228 179
5 18 7355 314.3900 468.4399 19 6234 148.6700 429.5200 17 6153 441.5400 472.8199 88 1018 127.7600 411.8200 16 2641 631.0000 422.6900
1.0763423016e+01 1.6028108448e+01 -5.2722402098e+01
217 214 147
5 18 3950 293.2300 472.1500 19 3530 127.4800 433.2400 17 3182 419.9700 476.4100 88 699 78.8800 420.3400 16 2652 608.6200 426.8201
1.1213503223e+01 1.9482102589e+01 -5.1868015135e+01
236 214 164
5 18 4050 303.0601 539.6400 19 3590 134.7500 498.8800 17 3273 430.6700 544.6899 88 734 100.2500 574.4100 16 2729 623.9700 497.4100
1.1252133398e+01 2.0734952830e+01 -5.1586082336e+01
253 251 230
4 18 7508 304.5601 564.2400 19 6344 135.3400 523.2000 17 6351 432.4399 569.8101 16 2768 627.2500 523.3800
1.7318740275e+01 1.2118090608e+01 -4.4436346333e+01
244 228 137
6 18 3767 472.7700 432.2500 19 6128 308.7100 398.1200 17 5934 595.8600 437.1600 88 915 478.5900 328.0100 16 4490 783.9500 380.2900 91 1253 -474.0300 145.7000
-3.1045516995e+00 2.7413839421e+01 -8.5838202879e+01
253 251 237
5 18 7470 -40.7800 520.5601 19 6323 -228.8300 473.5200 17 6279 116.0200 523.7400 16 4761 332.8400 485.3000 86 1135 615.2400 512.0400
1.1089829435e+01 2.0649303288e+01 -5.1528416130e+01
132 121 89
4 18 7507 302.0300 562.9399 19 6343 133.1400 521.5900 17 6348 429.7400 568.6899 16 4836 624.1100 522.2600
-7.6621238949e+00 -3.4095844931e+00 4.8373162262e+00
166 177 183
5 18 24 353.5000 146.9400 19 22 384.3900 123.4900 17 20 229.4200 153.3100 88 6 -20.9000 -165.5200 91 13 249.4800 -209.1000
-2.2686970654e+01 -2.2921943481e+00 -1.6988019602e+00
179 190 200
3 18 18 -434.1600 157.9900 19 17 -435.4000 101.8900 17 21 -461.1300 173.7000
3.0156898431e+01 2.4901816715e+01 -6.5425577651e+01
191 190 180
4 18 86 515.5699 564.6000 19 80 320.2300 524.3400 17 86 677.4200 575.3800 20 77 153.8100 523.8199
-1.7053310472e+01 8.9697073198e-01 1.6230247042e+00
166 202 238
3 18 178 -169.7800 341.2600 19 155 -148.4000 298.1100 17 149 -242.9300 342.6000
2.3817616385e+01 1.2373282910e+01 -4.1758845574e+01
179 186 105
4 18 194 618.5100 448.5200 19 171 444.9399 416.3600 17 173 750.3000 454.9600 20 249 301.9800 419.2200
-7.9040051038e+00 -4.5815012147e+00 4.4958411577e+00
221 227 228
6 18 239 339.0400 81.9700 19 222 371.3400 58.7600 17 208 217.4100 91.7000 88 70 -48.4800 -278.7500 91 195 232.6100 -309.5600 21 341 473.0200 76.1000
-1.0716067713e+01 4.9582536186e-01 3.9847027370e+00
215 234 251
4 18 278 175.9400 347.0000 19 266 204.3700 312.0900 17 228 64.3000 349.7300 88 88 -345.9600 194.5100
2.2991239542e+01 9.6179844591e+00 -3.8397233942e+01
151 151 73
3 18 297 640.3700 405.5400 19 283 471.4800 375.6300 17 250 766.0800 411.1300
1.2942689962e+01 2.7056453313e+01 -7.5561324046e+01
199 196 183
4 18 333 211.5300 555.9700 19 307 24.9200 512.7500 17 282 364.5200 560.9301 20 265 -140.6800 516.0900
1.2967934651e+01 2.7088727491e+01 -7.5657927713e+01
199 196 183
3 18 334 211.5300 555.9700 19 308 24.9200 512.7500 17 283 364.5200 560.9301
-8.2403425565e+00 -3.8796280930e+00 4.5900557118e+00
159 168 175
4 18 389 322.5900 119.1100 19 353 355.7200 94.5000 17 316 199.7900 127.1400 88 112 -81.6500 -212.9800
-8.0650913346e+00 -3.7561182792e+00 4.7247603174e+00
127 128 127
6 18 393 333.8300 126.0800 19 357 366.9500 101.9200 17 318 209.9300 133.9700 20 331 440.0699 121.4900 88 114 -62.8100 -199.0900 91 203 223.8500 -240.9900
-2.2996512357e+01 -2.5672809880e+00 -1.9834206304e+00
180 189 193
5 18 258 -445.6100 143.9300 19 230 -450.0100 84.6400 17 333 -470.7700 162.2400 20 202 -399.0100 88.0100 87 238 -464.9200 -264.3500
-2.3307884409e+01 -2.4655663803e+00 -2.1227311292e+00
27 28 28
4 18 259 -459.5900 147.3500 19 233 -466.3200 87.2600 17 334 -482.0700 165.9500 87 242 -481.9100 -256.4500
-2.3020729033e+01 -1.4923201854e+00 -1.7825817931e+00
19 19 25
4 18 272 -450.6800 195.2100 19 252 -456.1800 138.0800 17 346 -475.5200 207.8100 20 138 -404.5100 144.9000
2.4341929433e+01 1.1526535091e+01 -4.0351878612e+01
124 116 69
4 18 640 643.6899 437.2000 19 621 469.8101 406.3300 17 383 775.0200 443.5300 20 602 327.6899 409.2600
1.8045754909e+01 1.3076042903e+01 -4.5308852271e+01
204 210 124
3 18 463 478.4900 447.6799 19 429 312.1899 412.5000 17 385 603.8400 452.7300
-7.8757895313e+00 -3.8040242120e+00 4.7882086882e+00
162 169 181
5 18 566 344.6100 124.2500 19 542 377.2700 100.4700 17 466 219.9800 131.8200 20 806 449.7000 119.9400 91 384 239.1400 -242.4700
-7.6264316973e+00 -3.7233206439e+00 4.9207745938e+00
162 170 181
6 18 568 359.7200 129.1300 19 547 391.9100 106.0600 17 468 233.9600 136.4700 20 517 463.4500 125.8000 88 254 -16.6100 -193.4700 91 388 259.4399 -232.3200
-2.9666843961e+00 -3.7772321113e+00 4.9866504220e+00
45 49 51
3 18 396 591.7500 134.7200 19 243 597.0200 119.8900 17 470 477.7400 138.8000
-2.3848001670e+01 -3.0461589415e+00 -2.3761370326e+00
138 136 131
3 18 391 -482.1000 119.8100 19 347 -489.9400 57.6500 17 472 -501.1600 139.8400
-8.0553182084e+00 -3.5633573502e+00 4.8000479775e+00
166 176 185
5 18 571 335.4000 136.9300 19 549 368.3400 112.4300 17 473 210.5100 144.4000 20 812 441.5699 131.4700 88 256 -60.8400 -180.0300
-2.5321708773e+01 -1.7308115804e+00 -2.8196489823e+00
107 116 118
3 18 407 -550.4900 176.3600 19 241 -568.1400 114.2900 17 486 -557.7800 192.6700
-2.4953386134e+01 -1.6340199744e+00 -2.4987836606e+00
72 76 75
4 18 410 -536.2200 182.3300 19 363 -551.0900 120.4200 17 487 -547.1200 198.8000 20 333 -509.6000 125.1300
-2.2755596069e+01 -1.4402113489e+00 -1.5965795503e+00
253 254 251
3 18 412 -439.2500 198.7600 19 375 -442.8600 141.0500 17 491 -466.6100 213.2900
2.1508276575e+01 9.1903962300e+00 -3.8768489763e+01
202 206 121
3 18 610 607.7300 395.1900 19 590 442.6000 365.4900 17 520 730.8000 399.0600
2.0056038276e+01 9.8736155888e+00 -4.0209297340e+01
122 131 88
4 18 621 565.0200 403.9200 19 863 400.6700 373.0000 17 534 686.5400 408.0000 88 202 678.0200 263.3100
2.1155022638e+01 1.0969449299e+01 -4.1111159252e+01
192 187 128
4 18 633 575.8500 422.8400 19 881 408.8101 390.9800 17 546 701.1300 427.8101 88 209 706.1700 305.8900
2.2035217466e+01 1.1108180844e+01 -4.0946576671e+01
158 174 85
5 18 634 594.2700 426.2500 19 612 424.9000 394.6900 17 549 721.2600 431.8800 20 585 286.1300 397.5100 88 148 746.9500 313.9300
2.3847895058e+01 1.1311395783e+01 -4.0427817835e+01
218 215 141
4 18 639 633.5699 432.8700 19 884 461.7000 400.8200 17 554 763.8199 438.8900 20 596 319.2700 404.6800
2.2650095886e+01 1.2108365235e+01 -4.2027119346e+01
119 127 78
4 18 641 594.3400 442.0100 19 628 422.9000 409.7800 17 556 724.2700 447.9200 88 153 749.6500 349.0600
1.4951857106e+01 1.3184640165e+01 -4.6658630350e+01
100 106 57
4 18 644 410.8800 444.1000 19 626 247.4301 408.3800 17 557 533.0601 448.3800 88 219 340.8400 354.2300
2.4449997427e+01 1.2504355794e+01 -4.1454251252e+01
200 198 118
4 18 649 633.3000 452.5500 19 906 458.2900 420.6400 17 564 766.3500 458.8500 20 921 314.8900 423.2300
2.4449997427e+01 1.2504355794e+01 -4.1454251252e+01
200 198 118
4 18 650 633.3000 452.5500 19 907 458.2900 420.6400 17 565 766.3500 458.8500 20 922 314.8900 423.2300
2.2578011114e+01 1.3655000804e+01 -4.4246269184e+01
188 186 116
3 18 658 570.4399 463.3600 19 648 397.1200 429.7100 17 573 702.4800 469.7100
-2.0415272024e+01 -4.4603700612e+00 3.3626745637e-02
198 176 165
4 18 787 -325.1400 60.9200 19 794 -306.1100 4.6500 17 697 -378.9100 83.4100 20 800 -231.0700 8.7100
-1.1031807278e+01 -3.4297776510e+00 3.0541309997e+00
67 68 68
3 18 795 157.4700 134.9700 19 803 188.6400 102.5800 17 702 50.9900 145.2100
-2.3119745503e+01 -2.6757696625e+00 -2.0885077327e+00
174 183 187
5 18 573 -450.5800 138.9500 19 538 -455.7000 78.7900 17 709 -474.8600 158.2200 20 319 -405.2700 81.7900 21 338 -336.9500 64.9400
-4.4178151242e+00 -1.8459764865e+00 6.4326800206e+00
187 171 189
3 18 1206 552.9900 242.1600 19 1193 571.8900 221.8100 17 726 420.1600 245.6100
2.1979942360e+01 9.2544296626e+00 -3.8689855700e+01
113 118 63
3 18 849 618.0000 396.8200 19 857 451.3400 367.7000 17 762 741.5100 400.5800
2.1979942360e+01 9.2544296626e+00 -3.8689855700e+01
113 118 63
3 18 850 618.0000 396.8200 19 858 451.3400 367.7000 17 763 741.5100 400.5800
2.4040264939e+01 1.0357329168e+01 -3.9340108782e+01
217 211 138
3 18 874 649.5300 417.3200 19 1273 477.9200 387.6100 17 787 779.0100 422.7700
2.4541634543e+01 1.0820623770e+01 -4.0095818441e+01
77 63 54
4 18 882 650.6600 423.8600 19 1282 476.8300 393.5700 17 792 782.0500 429.5800 20 1317 335.5100 396.8400
2.3297705441e+01 1.0991981042e+01 -4.0381512453e+01
230 219 164
4 18 883 624.2000 426.1400 19 1290 452.6400 395.5400 17 793 752.8300 431.6100 20 1321 312.3199 398.6200
2.4786006330e+01 1.1217209445e+01 -3.9869907492e+01
89 91 57
3 18 899 657.4399 433.0601 19 887 483.1300 402.4600 17 796 789.2900 439.2500
2.3412425144e+01 1.1720965296e+01 -4.1417703301e+01
228 219 132
4 18 904 614.9399 436.8400 19 890 442.5699 405.1800 17 801 745.3101 442.6400 20 1345 301.0200 408.1600
-2.5869193490e+01 3.2930669263e+01 -9.8066599316e+01
200 196 185
4 18 694 -350.5900 545.6700 19 679 -554.1200 494.0900 17 866 -178.6700 545.4900 20 660 -759.4600 505.0800
-1.5632760444e+01 -5.1012647922e-03 2.2940242462e+00
80 105 134
6 18 812 -92.1400 301.9100 19 818 -64.4900 260.2100 17 1037 -178.3500 306.2700 20 831 20.6000 275.2600 91 288 -430.8400 -22.8000 21 910 96.5700 262.4500
2.3194041661e+01 9.0499989767e+00 -3.7982878997e+01
213 212 138
3 18 2015 649.2600 395.2400 19 3294 480.6500 366.4500 17 1106 774.7600 399.8300
2.0965952358e+01 1.1222621845e+01 -4.1538922938e+01
211 207 135
5 18 1310 568.0300 425.8101 19 1287 400.4800 394.4900 17 1162 693.5000 430.9100 20 2107 262.4200 398.9000 88 422 689.1801 313.1500
2.1676417332e+01 1.1329642387e+01 -4.1440224181e+01
229 223 139
4 18 2082 582.5100 428.4900 19 2025 413.6100 396.5000 17 1168 709.1400 433.9800 88 430 721.3800 319.6000
2.1285589306e+01 1.3082351234e+01 -4.3970727593e+01
232 236 138
4 18 1352 549.6100 453.2400 19 1337 379.2300 419.7600 17 1196 678.7400 459.2200 88 323 653.4600 374.0900
1.2971074327e+01 1.4288428729e+01 -4.8928980463e+01
168 189 85
4 18 2155 357.8500 455.9200 19 2082 194.0900 418.3900 17 1197 481.3800 460.1400 88 457 222.1100 381.4800
2.2791779692e+01 1.3407384874e+01 -4.3948285040e+01
218 219 115
4 18 1363 577.4800 459.7200 19 1358 403.9100 426.3400 17 1212 709.5000 466.1799 88 460 716.3000 388.4100
2.4248321613e+01 1.3424316451e+01 -4.3321810368e+01
227 218 159
3 18 1370 609.8500 462.6899 19 1361 434.3101 429.8201 17 1223 744.4800 469.7200
-1.6735544938e+01 3.8328786633e+00 1.0072607814e+00
177 202 218
4 18 946 -160.7300 482.8101 19 918 -152.6300 440.9500 17 1230 -226.6000 476.2700 20 640 -82.0900 459.9700
-7.0353778898e+00 -4.2397283352e+00 4.9408994492e+00
20 19 27
4 18 1182 391.0200 102.6200 19 1172 421.3800 82.2900 17 1596 265.4700 108.8600 88 516 42.1100 -241.6800
-8.4788547284e+00 -4.2214006132e+00 4.3288190846e+00
250 248 236
6 18 1888 306.8101 100.1000 19 3131 339.7900 75.1700 17 1597 186.6100 109.1900 20 3344 413.0300 94.1300 88 515 -108.9700 -248.4400 21 5880 445.6100 90.4500
-2.1129256785e+01 -2.8140458823e+00 -1.1198097451e+00
105 106 106
5 18 1193 -360.5100 138.1000 19 1173 -354.7700 82.4100 17 1608 -400.3300 155.2900 20 1208 -293.3100 88.1000 21 1320 -219.5600 73.5300
-6.9207166196e+00 -3.2162187834e+00 5.2416628723e+00
27 31 47
5 18 1194 401.2300 158.7300 19 1183 430.5500 136.7900 17 1612 273.8000 164.1800 20 823 499.1400 156.6100 88 359 54.9900 -139.8500
-7.3761957908e+00 -2.6908970448e+00 5.1966608023e+00
28 29 36
3 18 1199 375.7100 186.1300 19 1187 405.8800 162.1100 17 1617 248.3600 192.0800
-1.0893697539e+01 -1.8839006127e+00 4.0312081517e+00
231 240 240
7 18 1922 173.3600 219.6700 19 1871 208.5200 187.2200 17 1622 57.9100 226.4100 20 1967 291.6000 203.2900 88 532 -353.5000 -32.2500 91 838 -10.0300 -120.0900 21 3392 343.8000 193.2500
1.8412921737e+01 1.0290994248e+01 -4.1584733146e+01
231 223 152
4 18 3653 520.1700 406.8100 19 3327 357.5200 374.8800 17 1739 640.4000 410.6800 88 582 579.6300 270.4500
1.8147113889e+01 1.0341125490e+01 -4.1732612897e+01
212 208 138
4 18 2043 513.7400 407.2900 19 1967 351.3600 374.9700 17 1742 633.8101 411.2200 88 584 565.1600 271.4200
1.7279941822e+01 1.2505490595e+01 -4.4874696263e+01
113 110 57
5 18 2111 468.4800 438.3600 19 2052 303.7800 403.8500 17 1817 591.7800 442.9600 88 442 469.1000 341.1600 91 658 -488.2800 157.2900
2.3004869006e+01 1.2431810357e+01 -4.2110521696e+01
220 215 138
5 18 3837 599.6600 448.5400 19 2073 427.1100 415.6800 17 1833 730.4200 454.5200 20 3654 285.8500 418.4200 88 657 762.5400 362.6700
2.3912182947e+01 1.2572318907e+01 -4.1961663146e+01
137 142 73
3 18 2144 617.9800 451.7200 19 2086 443.9700 419.5300 17 1843 750.3800 458.2100
2.3912182947e+01 1.2572318907e+01 -4.1961663146e+01
137 142 73
3 18 2145 617.9800 451.7200 19 2087 443.9700 419.5300 17 1844 750.3800 458.2100
2.0709659820e+01 1.3339347069e+01 -4.4671520977e+01
226 213 139
5 18 2151 532.8101 455.2500 19 2093 362.2100 421.1300 17 1849 661.7500 461.4000 20 2183 221.3300 424.2400 88 664 615.9200 378.8300
2.0603209712e+01 1.3657922506e+01 -4.5039178932e+01
112 121 60
4 18 3899 527.2300 460.0000 19 3508 356.7400 425.7800 17 1859 656.3900 465.9600 88 675 604.3300 389.3400
2.3071307840e+01 1.3623285938e+01 -4.4073619328e+01
161 156 89
4 18 2168 581.0000 463.4200 19 3518 407.0800 429.9000 17 1865 714.0000 470.1400 88 682 725.1700 396.6500
1.8627217086e+01 1.4535587425e+01 -4.7165642326e+01
110 105 63
4 18 2181 472.8300 467.8800 19 2105 303.4200 432.4100 17 1873 601.3800 473.2900 88 477 484.3000 407.5900
1.4765891383e+01 1.5309722663e+01 -5.0110718939e+01
248 247 141
3 18 2190 380.9700 469.9900 19 2106 214.2800 432.6000 17 1874 508.5601 474.7200
1.5308258807e+01 1.5855067080e+01 -5.1507150255e+01
201 200 123
4 18 2199 380.8700 474.2700 19 2115 211.9700 436.8300 17 1880 510.2200 479.0200 88 700 280.9800 422.7600
1.2100929974e+01 1.6842750905e+01 -5.2458527098e+01
255 255 251
3 18 3984 317.8800 487.7500 19 3557 150.3300 449.3900 17 1896 445.5300 493.0400
-2.0363348992e+01 2.5563552975e+01 -6.9351106210e+01
255 253 246
4 18 2272 -286.5900 557.7000 19 2168 -468.8500 507.8800 17 1940 -138.4200 557.0100 20 2267 -642.0700 519.4500
-7.3517523701e+00 -4.5810775054e+00 4.7580047769e+00
132 139 146
