# Bundle file v0.3
110 4663
0 0 0
0 0 0
0 0 0
0 0 0
0 0 0
0 0 0
0 0 0
0 0 0
0 0 0
0 0 0
0 0 0
0 0 0
0 0 0
0 0 0
0 0 0
0 0 0
0 0 0
0 0 0
0 0 0
0 0 0
0 0 0
0 0 0
0 0 0
0 0 0
0 0 0
0 0 0
0 0 0
0 0 0
0 0 0
0 0 0
1.6762314530e+03 -1.5433781248e-01 1.8127093175e-01
-9.2231714337e-02 2.1121104091e-01 -9.7307923987e-01
-3.2329726036e-01 9.1794901541e-01 2.2988798697e-01
9.4179201118e-01 3.3579681550e-01 -1.6380060480e-02
-5.0267053554e+00 5.1853327961e+00 -3.7381433377e+01
1.6760660571e+03 -1.5357914796e-01 1.7556733611e-01
-2.3095813925e-02 2.2022759071e-01 -9.7517505694e-01
-3.1279337546e-01 9.2487043994e-01 2.1627522648e-01
9.4954035599e-01 3.1002335011e-01 4.7525095881e-02
-1.5967887110e+00 4.4486039216e+00 -3.4852945785e+01
1.6758512380e+03 -1.5308446327e-01 1.8041694833e-01
9.9999919198e-02 2.4085835457e-01 -9.6539487734e-01
-3.1831837756e-01 9.2700974076e-01 1.9830872661e-01
9.4269476856e-01 2.8747207443e-01 1.6937053982e-01
4.6435311769e-01 4.0550681193e+00 -3.1758377056e+01
1.6763318852e+03 -1.5209254766e-01 1.8491108826e-01
2.4744229365e-01 2.0429124632e-01 -9.4712058260e-01
-2.7439768270e-01 9.5227430717e-01 1.3371445558e-01
9.2923528939e-01 2.2680108152e-01 2.9168998334e-01
2.1188283408e+00 2.7508306061e+00 -2.9563540125e+01
1.6768060270e+03 -1.5226524080e-01 1.9228723430e-01
3.9554713489e-01 1.9705912995e-01 -8.9705638807e-01
-2.6508681237e-01 9.5963953820e-01 9.3919852143e-02
8.7935854234e-01 2.0064809000e-01 4.3182044647e-01
4.0920085748e+00 2.9839414182e+00 -2.8261527298e+01
1.6777582948e+03 -1.6356967143e-01 2.2894363248e-01
5.7598640084e-01 2.1121692139e-01 -7.8970062566e-01
-2.7686883884e-01 9.5935228185e-01 5.4652039154e-02
7.6914453267e-01 1.8716466393e-01 6.1105325173e-01
4.5587050446e+00 3.7761703805e+00 -2.7464783149e+01
1.6732247668e+03 -1.3044668389e-01 1.4402306755e-01
7.1568705294e-01 1.6188504029e-01 -6.7940067412e-01
-2.2130822808e-01 9.7520361469e-01 -7.6031289566e-04
6.6243090994e-01 1.5090110544e-01 7.3376709243e-01
6.1497074653e+00 4.5405817041e+00 -2.8480205658e+01
1.6816139876e+03 -1.6897868567e-01 2.2128209801e-01
8.1465235732e-01 1.4213952234e-01 -5.6226140975e-01
-1.7504437570e-01 9.8454920461e-01 -4.7254881712e-03
5.5290234512e-01 1.0227032753e-01 8.2694605439e-01
7.8391338957e+00 4.8310014991e+00 -3.0720003950e+01
1.6756942031e+03 -1.4368373287e-01 1.6375251756e-01
9.1607989817e-01 9.9903883968e-02 -3.8835143123e-01
-1.1558965897e-01 9.9314855259e-01 -1.7175075778e-02
3.8397480504e-01 6.0623151166e-02 9.2135128080e-01
8.0159224661e+00 4.8467762845e+00 -3.2053355175e+01
1.6768094726e+03 -1.5231504733e-01 1.8991431232e-01
9.4782619618e-01 8.6196900431e-02 -3.0691301079e-01
-9.9676268955e-02 9.9461202554e-01 -2.8487893355e-02
3.0280380322e-01 5.7593515405e-02 9.5131111827e-01
1.1597011610e+01 5.4374572885e+00 -3.3284834064e+01
1.6756222161e+03 -1.5452087530e-01 2.0737278545e-01
9.8516575503e-01 5.1453799728e-02 -1.6370993133e-01
-5.5877702431e-02 9.9818337878e-01 -2.2530528303e-02
1.6225325110e-01 3.1344039754e-02 9.8625120212e-01
1.2061699327e+01 5.5354440477e+00 -3.5145894610e+01
1.6702335221e+03 -1.3672716227e-01 1.6103924980e-01
9.9981696617e-01 -1.8465920343e-02 5.0043923066e-03
1.8667664267e-02 9.9886509092e-01 -4.3818357415e-02
-4.1895664788e-03 4.3903757488e-02 9.9902698042e-01
1.2781373228e+01 7.0293309077e+00 -3.6098222909e+01
1.6677422022e+03 -1.3188444815e-01 1.4207154307e-01
9.8818396088e-01 -4.2396483958e-02 1.4729221845e-01
4.8594555976e-02 9.9806709512e-01 -3.8738130732e-02
-1.4536515606e-01 4.5437999418e-02 9.8833413359e-01
1.4081042687e+01 7.0693365826e+00 -3.6476823437e+01
1.6691551896e+03 -1.5631550941e-01 1.9425281096e-01
9.5357476991e-01 -9.0562271787e-02 2.8721704880e-01
9.5193799028e-02 9.9545639101e-01 -2.1712247670e-03
-2.8571541579e-01 2.9411707179e-02 9.5786306571e-01
1.3682750126e+01 6.9001587907e+00 -3.8438668245e+01
1.6641651810e+03 -1.4669516408e-01 1.6729325180e-01
8.9769050554e-01 -1.1271376791e-01 4.2596638692e-01
1.2050116704e-01 9.9267486706e-01 8.7222164417e-03
-4.2382924039e-01 4.3499595856e-02 9.0469694382e-01
1.4016862938e+01 7.4911319404e+00 -3.9998883996e+01
1.6603687467e+03 -1.3279403653e-01 1.1646861747e-01
8.0318787942e-01 -1.3130947898e-01 5.8107404957e-01
1.3561819992e-01 9.9009664370e-01 3.6281399995e-02
-5.8008355795e-01 4.9663435900e-02 8.1304157885e-01
1.3539500478e+01 7.5361144249e+00 -4.2932401343e+01
0 0 0
0 0 0
0 0 0
0 0 0
0 0 0
0 0 0
0 0 0
0 0 0
0 0 0
0 0 0
0 0 0
0 0 0
0 0 0
0 0 0
0 0 0
0 0 0
0 0 0
0 0 0
0 0 0
0 0 0
0 0 0
0 0 0
0 0 0
0 0 0
0 0 0
0 0 0
0 0 0
0 0 0
0 0 0
0 0 0
0 0 0
0 0 0
0 0 0
0 0 0
0 0 0
0 0 0
0 0 0
0 0 0
0 0 0
0 0 0
0 0 0
0 0 0
0 0 0
0 0 0
0 0 0
0 0 0
0 0 0
0 0 0
0 0 0
0 0 0
0 0 0
0 0 0
0 0 0
0 0 0
0 0 0
0 0 0
0 0 0
0 0 0
0 0 0
0 0 0
0 0 0
0 0 0
0 0 0
0 0 0
0 0 0
0 0 0
0 0 0
0 0 0
0 0 0
0 0 0
0 0 0
0 0 0
0 0 0
0 0 0
0 0 0
0 0 0
0 0 0
0 0 0
0 0 0
0 0 0
0 0 0
0 0 0
0 0 0
0 0 0
0 0 0
0 0 0
0 0 0
0 0 0
0 0 0
0 0 0
0 0 0
0 0 0
0 0 0
0 0 0
0 0 0
0 0 0
0 0 0
0 0 0
0 0 0
0 0 0
0 0 0
0 0 0
0 0 0
0 0 0
0 0 0
0 0 0
0 0 0
0 0 0
0 0 0
0 0 0
0 0 0
0 0 0
0 0 0
0 0 0
0 0 0
1.6687710979e+03 -1.5592948532e-01 2.0094464798e-01
3.8597506843e-01 1.8488052572e-01 -9.0379336010e-01
-2.7914082358e-01 9.5719061259e-01 7.6593288076e-02
8.7926312737e-01 2.2272252327e-01 4.2105941441e-01
3.0846305491e+00 -2.0699139639e+00 -1.0169341835e+01
1.6639557382e+03 -1.2090101713e-01 1.2426508718e-01
7.3102811859e-01 1.5404419162e-01 -6.6473173300e-01
-2.3573632039e-01 9.7121583500e-01 -3.4178781389e-02
6.4033294237e-01 1.8168706304e-01 7.4629989551e-01
5.2111817748e+00 -5.6565541518e-01 -1.2429139006e+01
0 0 0
0 0 0
0 0 0
0 0 0
0 0 0
0 0 0
0 0 0
0 0 0
0 0 0
0 0 0
0 0 0
0 0 0
0 0 0
0 0 0
0 0 0
0 0 0
0 0 0
0 0 0
0 0 0
0 0 0
0 0 0
0 0 0
0 0 0
0 0 0
0 0 0
0 0 0
0 0 0
0 0 0
0 0 0
0 0 0
0 0 0
0 0 0
0 0 0
0 0 0
0 0 0
0 0 0
0 0 0
0 0 0
0 0 0
0 0 0
0 0 0
0 0 0
0 0 0
0 0 0
0 0 0
0 0 0
0 0 0
0 0 0
0 0 0
0 0 0
0 0 0
0 0 0
0 0 0
0 0 0
0 0 0
0 0 0
0 0 0
0 0 0
0 0 0
0 0 0
0 0 0
0 0 0
0 0 0
0 0 0
0 0 0
0 0 0
0 0 0
0 0 0
0 0 0
0 0 0
0 0 0
0 0 0
0 0 0
0 0 0
0 0 0
0 0 0
0 0 0
0 0 0
0 0 0
0 0 0
0 0 0
0 0 0
0 0 0
0 0 0
0 0 0
0 0 0
0 0 0
0 0 0
0 0 0
0 0 0
0 0 0
0 0 0
0 0 0
0 0 0
0 0 0
0 0 0
0 0 0
0 0 0
0 0 0
0 0 0
0 0 0
0 0 0
0 0 0
0 0 0
0 0 0
0 0 0
0 0 0
0 0 0
0 0 0
0 0 0
0 0 0
0 0 0
0 0 0
0 0 0
0 0 0
0 0 0
0 0 0
0 0 0
0 0 0
0 0 0
0 0 0
0 0 0
0 0 0
0 0 0
0 0 0
0 0 0
0 0 0
0 0 0
0 0 0
0 0 0
0 0 0
0 0 0
0 0 0
0 0 0
0 0 0
0 0 0
0 0 0
0 0 0
0 0 0
0 0 0
0 0 0
0 0 0
0 0 0
0 0 0
0 0 0
0 0 0
0 0 0
0 0 0
0 0 0
0 0 0
0 0 0
0 0 0
0 0 0
0 0 0
0 0 0
0 0 0
0 0 0
0 0 0
0 0 0
0 0 0
0 0 0
0 0 0
0 0 0
0 0 0
0 0 0
0 0 0
0 0 0
0 0 0
0 0 0
0 0 0
4.7839484605e+03 6.8933972643e-02 1.8302633842e-03
4.1085753931e-02 2.3585374888e-01 -9.7091965165e-01
-1.4353987436e-01 9.6305352579e-01 2.2786884589e-01
9.8879131534e-01 1.3000352149e-01 7.3422197666e-02
-1.3353533222e+00 -1.4580974275e+00 -4.6730404337e+01
4.8726571973e+03 -7.6901791379e-02 -1.3726562413e-03
2.7735658775e-01 2.6680544595e-01 -9.2297788557e-01
-1.7470837572e-01 9.5865701711e-01 2.2461902637e-01
9.4474880613e-01 9.8952400510e-02 3.1250298518e-01
3.1637372519e+00 2.4931504232e-01 -4.6300932877e+01
4.7717038690e+03 8.8733540453e-02 1.4571992863e-03
5.2841228050e-01 1.7607665179e-01 -8.3052843089e-01
-1.3529958757e-01 9.8321955882e-01 1.2236552114e-01
8.3813750866e-01 4.7710710085e-02 5.4336838768e-01
3.7880283485e+00 1.1336272122e-01 -4.4151972966e+01
4.7917475441e+03 5.2049241944e-02 3.4648789296e-03
6.8897554620e-01 6.1359089289e-02 -7.2218263542e-01
-4.0973788299e-02 9.9811393823e-01 4.5713400551e-02
7.2362548698e-01 -1.9048566964e-03 6.9019021009e-01
6.7428202442e+00 6.2691790013e-01 -4.4889811893e+01
4.8070960471e+03 4.3612400257e-02 7.6964704482e-03
8.4866690048e-01 1.3050296307e-01 -5.1257532975e-01
-6.6549392494e-02 9.8772846049e-01 1.4129284019e-01
5.2472437564e-01 -8.5798979940e-02 8.4693734399e-01
9.6813254155e+00 9.9283937564e-01 -6.2468395350e+01
4.8059925132e+03 5.8594837383e-02 2.3615564827e-04
9.8758116359e-01 4.6174213029e-02 -1.5017119358e-01
-2.4493272970e-02 9.8939919789e-01 1.4314086346e-01
1.5518867519e-01 -1.3768503645e-01 9.7824296871e-01
7.7027621056e+00 2.3187854735e-01 -5.5672694041e+01
4.7915919675e+03 1.1198670752e-01 6.4758165081e-03
9.5248488228e-01 7.5440439892e-02 -2.9509538975e-01
-2.7606570573e-02 9.8623601975e-01 1.6302266899e-01
3.0333220450e-01 -1.4713005598e-01 9.4145755100e-01
1.6180269760e+01 -8.8949258636e-01 -5.3737979364e+01
4.7839097271e+03 9.7254198198e-02 2.4529433934e-03
9.6359612983e-01 -4.8570325815e-02 2.6291333557e-01
1.0334288043e-02 9.8939185454e-01 1.4490328035e-01
-2.6716231220e-01 -1.3691121800e-01 9.5387610166e-01
6.4912020829e+00 1.4455454197e+00 -5.6207813034e+01
0 0 0
0 0 0
0 0 0
0 0 0
0 0 0
0 0 0
0 0 0
0 0 0
0 0 0
0 0 0
4.7881034397e+03 2.4998337423e-02 1.7790727461e-03
7.5653918266e-01 -1.7908971579e-01 6.2894780293e-01
5.1078194805e-02 9.7501425745e-01 2.1619023054e-01
-6.5195052199e-01 -1.3143086191e-01 7.4678406880e-01
5.7206231628e+00 4.5280314980e-01 -6.9148746453e+01
0 0 0
0 0 0
0 0 0
0 0 0
0 0 0
0 0 0
0 0 0
0 0 0
0 0 0
0 0 0
0 0 0
0 0 0
0 0 0
0 0 0
0 0 0
0 0 0
0 0 0
0 0 0
0 0 0
0 0 0
0 0 0
0 0 0
0 0 0
0 0 0
0 0 0
0 0 0
0 0 0
0 0 0
0 0 0
0 0 0
0 0 0
0 0 0
0 0 0
0 0 0
0 0 0
0 0 0
0 0 0
0 0 0
0 0 0
0 0 0
0 0 0
0 0 0
0 0 0
0 0 0
0 0 0
0 0 0
0 0 0
0 0 0
0 0 0
0 0 0
0 0 0
0 0 0
0 0 0
0 0 0
0 0 0
0 0 0
0 0 0
0 0 0
0 0 0
0 0 0
0 0 0
0 0 0
0 0 0
0 0 0
0 0 0
0 0 0
0 0 0
0 0 0
0 0 0
0 0 0
0 0 0
0 0 0
0 0 0
0 0 0
0 0 0
0 0 0
0 0 0
0 0 0
0 0 0
0 0 0
0 0 0
0 0 0
0 0 0
0 0 0
0 0 0
0 0 0
0 0 0
0 0 0
0 0 0
0 0 0
-2.2695546741e+01 -2.1393467201e+00 -1.3007057443e+00
23 22 25
7 18 269 -404.3000 185.7900 19 247 -405.0100 130.4300 17 345 -436.5900 199.6500 20 137 -348.2700 137.6300 16 475 -420.7900 193.7200 21 164 -275.6900 123.5600 87 250 -406.2100 -202.9100
-3.8574688569e+01 3.2938663092e+01 -1.0413472175e+02
192 190 175
5 18 967 -503.0700 519.9900 19 941 -720.0200 465.7700 17 852 -319.3000 519.7200 16 1168 -83.0900 496.4900 12 832 708.6500 587.0300
-2.0116242753e+01 2.2841893490e+01 -6.8622451786e+01
130 128 100
11 18 2250 -275.9500 516.8800 19 2153 -456.3900 466.3000 17 1916 -128.7800 517.4600 20 1440 -628.2000 475.5500 16 1709 73.1900 487.2300 15 1632 248.5100 513.1300 14 1795 300.5100 503.9200 13 1789 565.8900 530.1200 86 547 -30.2000 502.7700 12 1246 771.8700 574.6300 87 602 714.1600 413.8000
-6.5470030361e+00 -3.7019996500e+00 6.0616473178e+00
214 232 217
15 18 6644 480.2200 156.9200 19 3151 507.5100 138.1000 17 5451 347.6200 161.9300 20 6197 571.6400 158.6000 88 758 193.9500 -139.4000 16 4193 242.9200 113.9600 91 1148 420.2400 -173.3400 21 5906 584.0100 152.7300 14 3711 -40.8900 104.3700 13 4001 -80.6000 130.0000 86 1192 14.3800 -230.1900 12 3806 -187.5000 136.8900 87 678 766.5300 -328.1300 85 2748 41.7300 -109.5600 84 977 -249.5500 -266.8600
-3.7655640277e+01 3.4150342774e+01 -1.0298286711e+02
187 187 172
5 18 975 -494.1800 539.3300 19 953 -710.8400 485.8300 17 1260 -310.9100 538.2600 15 1095 122.7600 540.9200 13 1231 490.9800 559.4800
-3.7655640277e+01 3.4150342774e+01 -1.0298286711e+02
187 187 172
5 18 976 -494.1800 539.3300 19 954 -710.8400 485.8300 17 1261 -310.9100 538.2600 15 1096 122.7600 540.9200 13 1232 490.9800 559.4800
-2.0106343952e+01 2.2820537315e+01 -6.8544966267e+01
130 128 100
9 18 2251 -275.9500 516.8800 19 2154 -456.3900 466.3000 17 1917 -128.7800 517.4600 16 1710 73.1900 487.2300 15 1634 248.5100 513.1300 14 1797 300.5100 503.9200 13 1791 565.8900 530.1200 86 548 -30.2000 502.7700 87 603 714.1600 413.8000
-2.0332677078e+01 2.2958618950e+01 -6.8545846177e+01
253 242 218
9 18 4028 -279.7600 518.8700 19 3581 -460.3400 468.3900 17 3246 -132.4000 519.5000 20 3788 -632.4000 477.7200 16 2716 69.7700 489.2300 15 2651 245.1899 515.2000 13 2897 562.1899 532.1700 86 1131 -38.3000 508.2100 87 1242 706.0699 419.1400
-2.3899469121e+01 -2.5984007164e+00 -1.8856303624e+00
181 191 195
4 18 403 -457.7700 159.7200 19 356 -463.8800 100.6100 17 479 -481.0600 176.5100 21 232 -344.2700 89.1800
-1.1345675230e+01 -3.4308756152e+00 3.9008711999e+00
149 164 172
12 18 95 190.8500 158.6000 19 89 224.9399 127.7100 17 138 79.2200 166.3600 88 47 -316.2100 -144.5400 16 212 4.5600 132.7000 91 58 16.2100 -212.7300 15 295 -31.1700 150.8500 21 168 352.9500 136.8800 14 309 -214.0800 133.1200 86 89 -384.8200 -211.1100 87 111 357.6500 -301.2300 85 320 -178.5900 -84.1500
-8.6931471366e+00 -3.2964608146e+00 5.1285506276e+00
221 228 232
10 18 172 349.1000 171.2000 19 147 380.6400 145.7500 17 220 223.4800 178.7400 88 84 -36.9500 -116.2400 16 214 131.6400 138.8900 91 144 240.0900 -174.2400 15 217 80.5500 156.0100 14 310 -123.1000 137.9100 86 128 -168.0000 -191.6700 87 151 577.1300 -285.5100
-2.3157257260e+01 -1.8169401439e+00 -1.4246346058e+00
75 73 72
4 18 273 -426.3900 199.9700 19 253 -429.2000 143.3100 20 141 -375.7700 150.8600 21 169 -303.2200 136.8200
-9.6324342300e+00 -3.6987738837e+00 4.5805972875e+00
212 209 200
8 18 256 291.5900 145.7700 19 244 324.5400 118.6100 17 216 170.6500 154.5500 20 214 399.6200 136.1900 16 207 84.5600 118.0300 15 288 38.8600 135.7000 14 424 -155.5600 116.5100 87 145 498.4000 -322.2400
-1.0975859386e+01 -3.4213988491e+00 4.0935939580e+00
66 68 72
11 18 402 213.8800 159.1400 19 369 247.9600 129.0800 17 335 98.2800 167.1900 20 526 327.2400 146.7000 16 316 20.3900 133.4500 91 283 48.8500 -208.0800 15 403 -18.3600 152.7800 21 577 372.9500 139.2500 14 429 -203.4900 135.0400 86 203 -354.9700 -209.5700 87 232 387.7500 -300.5300
-3.2926179192e+01 3.4925717841e+01 -1.0070516639e+02
247 245 233
5 18 700 -437.8000 557.5000 19 458 -650.3000 504.8900 17 610 -258.7600 556.6700 15 509 172.2600 558.0300 14 553 248.7600 549.1100
-2.2944570749e+01 -3.6952422748e+00 -1.7160245718e+00
204 208 212
4 18 790 -410.5900 110.1000 19 534 -410.8400 51.0000 20 506 -356.3700 53.7900 21 551 -286.3000 37.7200
-8.5011997068e+00 -4.0981348383e+00 5.0730360660e+00
162 170 181
9 18 569 359.7200 129.1300 19 548 391.9100 106.0600 17 469 233.9600 136.4700 20 518 463.4500 125.8000 88 255 -16.6100 -193.4700 16 636 139.7600 95.2000 91 389 259.4399 -232.3200 15 565 87.3600 110.2400 14 623 -116.6300 90.2600
-2.3428900549e+01 -1.8020446787e+00 -1.4975355778e+00
253 254 251
7 18 413 -439.2500 198.7600 19 376 -442.8600 141.0500 17 492 -466.6100 213.2900 16 481 -444.6600 207.8300 15 418 -407.9200 238.9100 14 667 -506.4100 226.0500 85 459 -612.7700 36.7200
-3.5241256800e+01 3.7307524745e+01 -1.0070224628e+02
190 187 179
6 18 706 -468.8200 587.4200 19 686 -684.6800 536.0400 17 614 -287.5100 584.4600 16 832 -50.3200 558.2300 15 753 147.5000 585.8300 14 802 224.5200 576.9200
-6.8812201425e+00 -2.7869853240e+00 6.3410657709e+00
221 230 231
11 18 585 467.5699 208.4600 19 560 495.5000 187.1600 17 490 332.3900 212.9100 20 530 563.3800 205.9400 88 128 168.7500 -49.8600 16 467 228.1300 165.7300 91 215 402.6700 -101.6300 15 581 163.3400 180.7200 21 904 579.0601 196.8400 14 965 -60.0500 161.6200 85 878 17.0300 -29.2200
-2.1292464823e+01 -2.5930810711e+00 -5.0543221258e-01
121 137 146
7 18 582 -337.7800 169.6400 19 551 -328.9600 116.2800 17 715 -383.1000 183.9800 16 960 -380.5500 175.5500 15 1393 -356.8700 205.0900 14 1519 -468.2500 191.2300 87 359 -328.9800 -234.1000
-3.7066166358e+00 2.7086138801e+01 -8.4608299635e+01
144 140 140
8 18 2252 -44.4000 518.5800 19 2158 -232.5400 471.5000 17 1920 112.5700 521.4100 20 2258 -407.8800 477.2700 16 1707 329.5900 483.3800 15 2647 526.3400 508.5900 14 1792 598.8600 500.8500 86 550 606.6400 505.3400
-4.4175650837e+00 -1.5318312593e+00 6.5094891338e+00
239 243 243
7 18 3473 596.6100 282.0600 19 5783 606.3101 261.4200 17 2842 468.1200 285.1600 16 2379 369.3000 231.1400 15 2359 308.0800 243.0400 14 2396 77.2700 223.2500 86 1235 221.4700 -23.6200
8.3430375437e+00 2.5744391843e+01 -7.7248787012e+01
236 237 221
5 18 332 143.9900 528.1500 19 306 -41.7400 484.2400 17 281 296.7700 531.8400 16 269 514.2700 488.0200 15 184 720.3500 513.2000
-9.3487304947e+00 -4.0854753417e+00 4.5397101618e+00
8 9 11
8 18 157 306.0500 127.1300 19 134 338.2800 101.6700 17 130 185.8500 135.1300 20 130 411.6000 120.9800 88 43 -110.1400 -199.6700 16 201 98.3600 97.0600 91 85 181.1000 -244.7300 15 211 51.6100 113.6000
-9.3504568147e+00 -4.0857340043e+00 4.5444955267e+00
8 9 11
8 18 158 306.0500 127.1300 19 135 338.2800 101.6700 17 131 185.8500 135.1300 88 44 -110.1400 -199.6700 16 202 98.3600 97.0600 15 212 51.6100 113.6000 86 122 -221.6000 -270.0600 87 143 522.1801 -363.8300
-8.0277366771e+00 -3.4680842416e+00 5.3240077744e+00
16 17 17
9 18 168 387.1400 165.7000 19 146 417.1100 142.5400 17 139 260.2700 171.7600 20 142 487.3300 161.4000 88 83 31.5400 -127.8500 16 211 165.5500 128.0000 91 89 291.9600 -175.6500 15 214 111.9300 141.5800 87 110 635.8101 -306.2800
-2.3080159832e+01 -3.4258955205e+00 -1.7633516199e+00
18 20 22
3 18 250 -417.6000 122.5700 19 223 -418.8700 63.8000 17 320 -446.5600 141.9000
-2.3887415364e+01 -3.3983683583e+00 -2.1177466759e+00
249 250 252
5 18 392 -454.0100 121.9900 19 348 -459.6700 60.9000 17 321 -476.8200 142.0000 16 460 -454.2300 142.5800 21 336 -342.8200 44.5800
-2.3826017771e+01 -2.1235522944e+00 -1.7335998105e+00
225 232 236
3 18 409 -456.1800 182.9300 19 368 -462.1700 124.8900 20 212 -411.0900 130.2200
-2.9171621839e+01 3.0339550455e+01 -9.9395367449e+01
163 165 155
3 18 324 -389.1700 505.7200 19 300 -595.0200 452.0100 15 358 208.9500 506.2400
8.3245499918e+00 2.7597807704e+01 -7.6299925841e+01
182 180 175
6 18 699 145.4400 558.6600 19 681 -40.5800 515.0000 17 611 298.4800 562.8000 20 663 -207.9600 518.8700 16 576 517.5100 519.6200 15 367 724.5000 546.7600
-2.2721048540e+01 -2.7778155420e+00 -1.3890152260e+00
254 255 252
5 18 260 -403.4200 154.2300 19 235 -403.0600 97.1000 17 337 -436.0700 171.7500 16 324 -421.3400 167.8500 15 412 -388.7700 199.4600
-2.2944570749e+01 -3.6952422748e+00 -1.7160245718e+00
204 208 212
4 18 791 -410.5900 110.1000 19 535 -410.8400 51.0000 20 507 -356.3700 53.7900 21 552 -286.3000 37.7200
-8.7515397865e+00 -4.1769113441e+00 4.9441336639e+00
162 169 181
8 18 567 344.6100 124.2500 19 543 377.2700 100.4700 17 467 219.9800 131.8200 20 807 449.7000 119.9400 88 253 -43.6100 -202.7200 16 635 127.0600 91.3100 91 385 239.1400 -242.4700 15 563 75.9200 106.7800
-1.1872284572e+01 -3.8081414631e+00 3.2484783160e+00
67 68 68
4 18 794 157.4700 134.9700 19 802 188.6400 102.5800 16 452 -18.1700 114.2800 15 569 -48.2400 134.7400
-2.3300803539e+01 -3.5952305974e+00 -1.9322730058e+00
251 251 250
7 18 249 -427.0900 113.6900 19 221 -429.4000 52.8900 17 319 -454.0000 134.5200 20 200 -377.0800 53.8000 16 457 -435.7400 134.4900 15 574 -399.5000 167.4300 87 227 -441.3900 -316.0500
-2.2640673015e+01 -3.1476114471e+00 -1.5298433819e+00
43 44 46
7 18 254 -398.0500 136.8100 19 226 -397.6100 79.0800 17 328 -430.7400 154.6800 20 122 -342.3000 83.3300 16 462 -416.6600 151.8400 15 584 -384.7200 184.2400 87 234 -402.4100 -281.2400
-2.2402287561e+01 -2.3294837437e+00 -1.1532801345e+00
173 182 190
8 18 406 -390.4400 177.9000 19 366 -388.5700 122.4400 17 485 -425.3200 192.3900 20 211 -330.4000 129.3300 16 658 -412.2200 185.9300 15 599 -381.1800 216.0700 21 238 -256.9500 115.1900 87 364 -390.6900 -216.3400
-2.4012878433e+01 -2.3040525096e+00 -1.8990459739e+00
26 26 30
8 18 267 -463.4800 173.7300 19 239 -470.8100 115.2700 17 339 -485.7600 189.0800 20 131 -421.4600 120.4200 16 470 -460.5200 186.3300 15 600 -421.0700 218.0200 21 161 -352.5800 105.2700 87 246 -484.4600 -217.4900
-2.4011940302e+01 -2.3086000501e+00 -1.8957235493e+00
26 26 30
7 18 268 -463.4800 173.7300 19 240 -470.8100 115.2700 17 340 -485.7600 189.0800 20 132 -421.4600 120.4200 16 471 -460.5200 186.3300 15 601 -421.0700 218.0200 87 247 -484.4600 -217.4900
-2.2897139287e+01 -1.8451268864e+00 -1.2122830242e+00
213 221 225
4 18 805 -414.8500 199.5000 19 810 -415.8400 143.8400 20 822 -359.1600 151.7500 21 895 -285.8000 137.9300
-2.5049917454e+01 -5.7404743627e+00 4.9920516063e+01
77 67 78
2 18 1915 313.9399 180.0500 19 3150 -469.0200 136.5600
-1.7089120491e+01 -4.1060703810e-01 2.1444910480e+00
253 255 255
8 18 1210 -129.1500 298.9100 19 1196 -103.7200 255.7600 17 1036 -210.4100 304.0800 20 1232 -19.7700 270.2800 16 979 -239.1200 280.9000 91 595 -491.0600 -31.3300 15 910 -241.1900 305.3600 87 496 -63.7600 -38.8600
-3.6898852440e+01 3.5144072178e+01 -1.0281788102e+02
204 198 187
5 18 1417 -485.4700 551.7100 19 1404 -701.5000 498.9399 17 1266 -302.5800 550.6801 16 1197 -66.5900 525.2700 15 1676 132.2000 554.2200
-2.4265639653e+01 -2.4728673028e+00 -2.0480305626e+00
252 251 249
6 18 1912 -474.5300 164.9600 19 1857 -482.6700 104.7000 20 1213 -435.2100 109.2200 15 2342 -425.8800 212.0400 21 3372 -366.4200 91.7300 87 956 -499.0400 -228.9600
-2.1685039134e+01 2.7308766953e+01 -6.8250050494e+01
94 90 81
5 18 7527 -305.0400 590.9399 19 3601 -489.7000 541.5500 17 6381 -155.4900 588.9100 16 4900 51.4300 558.0400 15 4722 228.7200 585.5601
-2.0533938031e+01 -3.5237463111e+00 -1.3039657744e+00
10 12 11
5 18 6 -295.8100 123.8600 19 6 -289.2400 71.2900 17 10 -342.7300 139.3400 20 4 -234.4500 78.0600 16 11 -339.3900 132.3500
-8.5860203598e+00 -3.7736698176e+00 5.0129094861e+00
166 177 183
4 18 23 353.5000 146.9400 19 21 384.3900 123.4900 17 19 229.4200 153.3100 16 20 135.9700 111.3000
-8.6900956179e+00 -3.9567003423e+00 5.0368546826e+00
161 173 189
7 18 162 349.7900 136.2100 19 138 381.4200 112.5000 17 135 223.5900 143.8600 20 133 454.3700 132.0000 88 46 -36.4500 -180.2100 16 135 130.3500 103.0700 91 86 244.1000 -223.2800
-8.7649547069e+00 -4.4471743470e+00 4.8373123653e+00
158 167 175
8 18 248 342.2500 109.6900 19 232 375.0800 86.0500 17 211 218.5000 116.9900 20 206 447.0800 106.5600 88 75 -46.1400 -232.2600 16 199 126.0400 77.3400 91 136 236.7000 -265.2100 86 119 -175.2200 -302.5300
-9.1882171063e+00 -3.8623882690e+00 4.7982984223e+00
169 181 189
9 18 163 318.0400 140.4300 19 140 351.3400 115.3000 17 213 194.5500 148.2600 20 135 425.0400 134.6000 88 79 -89.8300 -175.0700 16 204 105.4200 109.3100 91 138 202.0000 -222.3400 86 123 -209.8000 -248.3900 87 144 534.0699 -342.7100
1.1297811274e+01 1.5984316560e+01 -5.1504374018e+01
250 247 236
5 18 315 316.2200 476.6600 19 443 149.7400 437.1200 17 266 444.0300 481.3101 88 97 132.6800 428.8700 16 261 634.6600 431.3800
1.1208019246e+01 1.6878153888e+01 -5.1476570039e+01
252 253 245
5 18 320 313.8400 492.5800 19 449 146.4600 453.0701 17 271 442.0200 497.2500 88 101 127.8400 469.1200 16 264 633.3900 446.4700
-8.5763510220e+00 -4.2712166170e+00 4.9925433810e+00
125 129 126
6 18 388 355.0000 119.4100 19 355 387.1200 96.2500 17 314 229.4800 126.9900 88 110 -25.0700 -211.3400 16 294 135.6400 86.4200 91 202 253.3400 -248.2600
-8.3702067970e+00 -3.9699436910e+00 5.1692417388e+00
98 98 96
7 18 397 368.1600 136.4500 19 358 400.0000 113.5800 17 322 241.5800 143.6600 20 336 471.5900 133.2700 88 115 -2.3600 -179.5900 16 302 146.7000 102.0100 91 204 270.2100 -220.3700
-8.9531007765e+00 -3.7360656239e+00 4.9728949573e+00
132 137 135
8 18 399 333.5400 147.5000 19 364 366.6899 123.1600 17 326 209.0300 155.3400 20 340 440.4100 142.0100 88 118 -63.9600 -160.0000 16 305 117.7900 115.3600 91 208 222.0100 -208.5300 21 362 471.9000 136.0800
-8.9520969928e+00 -3.7360723907e+00 4.9690055555e+00
132 137 135
7 18 400 333.5400 147.5000 19 365 366.6899 123.1600 17 327 209.0300 155.3400 20 341 440.4100 142.0100 88 119 -63.9600 -160.0000 16 306 117.7900 115.3600 91 209 222.0100 -208.5300
-8.2444509598e+00 -3.6256750461e+00 5.2836618902e+00
237 238 240
6 18 580 376.3600 155.6600 19 807 407.5500 131.8700 17 477 249.2700 162.8600 88 185 10.2100 -143.6100 16 310 154.3700 121.0900 91 587 279.0800 -191.5500
-8.6070345494e+00 -3.6308071408e+00 5.1590682940e+00
121 125 125
7 18 401 354.6700 154.6300 19 370 387.2200 130.4200 17 329 228.7400 161.8500 20 342 460.1300 149.5200 88 121 -26.7400 -146.8200 16 311 135.2300 120.9300 91 210 250.9000 -195.4800
-2.4098052465e+01 -3.8290133185e+00 -2.1363154904e+00
129 122 116
4 18 387 -463.0200 101.1500 19 217 -467.9800 38.7700 17 313 -485.3000 122.9800 16 454 -462.3400 124.9400
1.4453867230e+01 1.3559936187e+01 -4.6596817918e+01
211 209 122
5 18 923 409.1600 451.5900 19 903 244.2700 415.1700 17 813 533.4000 456.5300 88 222 337.9200 371.7800 16 524 721.5800 402.7700
-8.2226386866e+00 -5.0977242536e+00 4.9054054304e+00
46 49 55
8 18 559 372.8900 75.3300 19 536 404.6000 54.0800 17 462 248.3400 83.2000 20 508 473.4399 75.2900 88 251 9.9900 -292.4500 16 630 152.5100 42.2600 91 279 281.8500 -312.4900 21 878 498.6801 74.0300
-7.6283638853e+00 -3.9262185676e+00 5.4577805938e+00
41 48 54
5 18 574 411.9399 140.2400 19 552 441.5000 118.2500 17 703 283.7000 147.6000 88 258 75.8700 -170.1900 16 637 185.3500 103.7000
-2.3357065901e+01 -3.3647342442e+00 -1.8917046022e+00
205 206 208
4 18 565 -430.2400 124.7800 19 349 -433.2100 66.4800 17 474 -457.1100 143.6100 16 646 -438.1800 141.8800
-8.7985914006e+00 -2.9981891181e+00 5.1711388890e+00
186 199 211
5 18 803 343.8199 188.9800 19 814 375.4301 163.5900 17 720 217.9800 195.0100 20 824 449.1000 181.8800 16 652 126.7400 154.2900
1.6405482082e+01 1.3182793960e+01 -4.5119168998e+01
111 113 61
5 18 922 457.0100 450.7000 19 901 290.9500 415.4400 17 812 581.8101 455.5400 88 221 444.9900 368.8800 16 747 772.7500 400.3400
1.3840831970e+01 1.4122063310e+01 -4.7755469574e+01
101 85 54
5 18 1361 389.1400 457.4299 19 1341 223.4100 420.7800 17 1204 513.8500 462.2000 88 324 293.5800 385.2500 16 750 702.8700 409.3100
1.4976853482e+01 1.0584371967e+01 -4.2192416069e+01
184 183 127
5 18 1288 456.6899 410.7400 19 1257 296.6200 377.3600 17 1143 574.8300 414.8200 88 411 437.7500 280.1000 16 1030 755.8101 357.7200
1.1789395793e+01 1.1526366386e+01 -4.4711161094e+01
206 197 101
6 18 1296 374.7600 419.9400 19 1269 216.4200 384.0400 17 1151 493.1000 423.5300 20 2069 83.2600 387.2900 88 417 255.4100 300.0100 16 1054 671.9200 369.8500
1.6455958334e+01 1.2286874812e+01 -4.3922204429e+01
113 110 57
6 18 2110 468.4800 438.3600 19 2051 303.7800 403.8500 17 1816 591.7800 442.9600 88 441 469.1000 341.1600 16 1080 780.5100 386.5300 91 657 -488.2800 157.2900
1.3990153663e+01 1.5080501695e+01 -4.9084259934e+01
248 247 141
4 18 2191 380.9700 469.9900 19 2107 214.2800 432.6000 17 1875 508.5601 474.7200 16 1124 700.1000 422.4500
-1.0806831563e+01 -2.3806846128e+00 4.6683510613e+00
187 207 212
10 18 1921 229.4100 218.1500 19 1872 264.7700 187.7600 17 1621 108.4600 224.5900 20 3365 346.9100 204.7800 88 531 -254.3200 -34.1900 16 1451 28.0500 188.7300 91 1154 74.2800 -115.2700 21 3393 392.7100 194.5900 86 596 -346.9300 -110.0700 87 698 396.7500 -200.7600
-2.1502234450e+01 -1.3635034405e+00 -6.0600589940e-02
168 190 206
5 18 1923 -351.8600 230.8500 19 1869 -343.3200 179.0300 17 1623 -397.6300 241.2200 16 1464 -392.6600 230.0300 87 963 -350.0900 -131.9200
1.0954659414e+01 1.4107319297e+01 -4.8667360649e+01
139 145 80
6 18 1354 329.7700 453.6500 19 1325 167.2700 415.9800 17 1842 453.0900 457.7000 20 1365 28.8100 418.5500 88 453 158.4900 377.0600 16 1621 638.2500 406.4600
1.0986115771e+01 1.1336199405e+01 -4.4542514633e+01
232 224 138
5 18 3689 361.1400 416.6200 19 3351 203.8200 380.5400 17 3012 478.1600 420.0900 88 858 223.2100 293.2800 16 2495 654.4301 366.7300
1.1353067838e+01 1.1308026034e+01 -4.4330633011e+01
151 136 38
6 18 3693 369.8101 416.9400 19 3353 211.9700 381.0900 17 3014 486.8700 420.6300 20 3518 79.3200 384.5500 88 861 242.5300 294.0300 16 2498 663.4301 366.8900
1.3424838912e+01 1.4051304646e+01 -4.7896602349e+01
152 140 72
6 18 7293 380.1700 455.6500 19 6209 215.5800 418.7300 17 3151 505.0900 460.1300 20 6621 76.0200 421.3700 88 985 274.3199 381.3100 16 2610 693.0900 407.3700
1.1087780383e+01 1.5509551884e+01 -5.1274745211e+01
245 228 179
5 18 7355 314.3900 468.4399 19 6234 148.6700 429.5200 17 6153 441.5400 472.8199 88 1018 127.7600 411.8200 16 2641 631.0000 422.6900
1.0047363524e+01 1.5798914661e+01 -5.1689074078e+01
217 214 147
5 18 3950 293.2300 472.1500 19 3530 127.4800 433.2400 17 3182 419.9700 476.4100 88 699 78.8800 420.3400 16 2652 608.6200 426.8201
1.0481325928e+01 1.9211897644e+01 -5.0823587286e+01
236 214 164
5 18 4050 303.0601 539.6400 19 3590 134.7500 498.8800 17 3273 430.6700 544.6899 88 734 100.2500 574.4100 16 2729 623.9700 497.4100
1.0515729180e+01 2.0449828731e+01 -5.0537945894e+01
253 251 230
4 18 7508 304.5601 564.2400 19 6344 135.3400 523.2000 17 6351 432.4399 569.8101 16 2768 627.2500 523.3800
1.6483148878e+01 1.1896784730e+01 -4.3475826861e+01
244 228 137
6 18 3767 472.7700 432.2500 19 6128 308.7100 398.1200 17 5934 595.8600 437.1600 88 915 478.5900 328.0100 16 4490 783.9500 380.2900 91 1253 -474.0300 145.7000
-3.4644946523e+00 2.7220084889e+01 -8.4451985326e+01
253 251 237
5 18 7470 -40.7800 520.5601 19 6323 -228.8300 473.5200 17 6279 116.0200 523.7400 16 4761 332.8400 485.3000 86 1135 615.2400 512.0400
1.0354906274e+01 2.0364463078e+01 -5.0482422120e+01
132 121 89
4 18 7507 302.0300 562.9399 19 6343 133.1400 521.5900 17 6348 429.7400 568.6899 16 4836 624.1100 522.2600
-8.5362820880e+00 -3.7855533550e+00 4.9914672733e+00
166 177 183
5 18 24 353.5000 146.9400 19 22 384.3900 123.4900 17 20 229.4200 153.3100 88 6 -20.9000 -165.5200 91 13 249.4800 -209.1000
-2.3355374955e+01 -2.6690206478e+00 -1.5691158972e+00
179 190 200
3 18 18 -434.1600 157.9900 19 17 -435.4000 101.8900 17 21 -461.1300 173.7000
2.9301878085e+01 2.4682424096e+01 -6.4068358771e+01
191 190 180
4 18 86 515.5699 564.6000 19 80 320.2300 524.3400 17 86 677.4200 575.3800 20 77 153.8100 523.8199
-1.7811223721e+01 4.7646965921e-01 1.7719641156e+00
166 202 238
3 18 178 -169.7800 341.2600 19 155 -148.4000 298.1100 17 149 -242.9300 342.6000
2.2892302863e+01 1.2145058940e+01 -4.0780255740e+01
179 186 105
4 18 194 618.5100 448.5200 19 171 444.9399 416.3600 17 173 750.3000 454.9600 20 249 301.9800 419.2200
-8.7711137697e+00 -4.9432397935e+00 4.6453752296e+00
221 227 228
6 18 239 339.0400 81.9700 19 222 371.3400 58.7600 17 208 217.4100 91.7000 88 70 -48.4800 -278.7500 91 195 232.6100 -309.5600 21 341 473.0200 76.1000
-1.1558086193e+01 7.7151841926e-02 4.1489677521e+00
215 234 251
4 18 278 175.9400 347.0000 19 266 204.3700 312.0900 17 228 64.3000 349.7300 88 88 -345.9600 194.5100
2.2056526723e+01 9.3990521530e+00 -3.7476823032e+01
151 151 73
3 18 297 640.3700 405.5400 19 283 471.4800 375.6300 17 250 766.0800 411.1300
1.2339016686e+01 2.6839585687e+01 -7.4193486202e+01
199 196 183
4 18 333 211.5300 555.9700 19 307 24.9200 512.7500 17 282 364.5200 560.9301 20 265 -140.6800 516.0900
1.2364705431e+01 2.6872249173e+01 -7.4289086971e+01
199 196 183
3 18 334 211.5300 555.9700 19 308 24.9200 512.7500 17 283 364.5200 560.9301
-9.1056777128e+00 -4.2500933449e+00 4.7401694223e+00
159 168 175
4 18 389 322.5900 119.1100 19 353 355.7200 94.5000 17 316 199.7900 127.1400 88 112 -81.6500 -212.9800
-8.9334802630e+00 -4.1283860933e+00 4.8753432336e+00
127 128 127
6 18 393 333.8300 126.0800 19 357 366.9500 101.9200 17 318 209.9300 133.9700 20 331 440.0699 121.4900 88 114 -62.8100 -199.0900 91 203 223.8500 -240.9900
-2.3659151111e+01 -2.9401431515e+00 -1.8543329873e+00
180 189 193
5 18 258 -445.6100 143.9300 19 230 -450.0100 84.6400 17 333 -470.7700 162.2400 20 202 -399.0100 88.0100 87 238 -464.9200 -264.3500
-2.3966349761e+01 -2.8393134267e+00 -1.9935771130e+00
27 28 28
4 18 259 -459.5900 147.3500 19 233 -466.3200 87.2600 17 334 -482.0700 165.9500 87 242 -481.9100 -256.4500
-2.3686362930e+01 -1.8779342708e+00 -1.6497619201e+00
19 19 25
4 18 272 -450.6800 195.2100 19 252 -456.1800 138.0800 17 346 -475.5200 207.8100 20 138 -404.5100 144.9000
2.3402850317e+01 1.1300452907e+01 -3.9390098040e+01
124 116 69
4 18 640 643.6899 437.2000 19 621 469.8101 406.3300 17 383 775.0200 443.5300 20 602 327.6899 409.2600
1.7205667307e+01 1.2850034361e+01 -4.4326156560e+01
204 210 124
3 18 463 478.4900 447.6799 19 429 312.1899 412.5000 17 385 603.8400 452.7300
-8.7466028174e+00 -4.1758121459e+00 4.9391663949e+00
162 169 181
5 18 566 344.6100 124.2500 19 542 377.2700 100.4700 17 466 219.9800 131.8200 20 806 449.7000 119.9400 91 384 239.1400 -242.4700
-8.5009953349e+00 -4.0963040612e+00 5.0724718724e+00
162 170 181
6 18 568 359.7200 129.1300 19 547 391.9100 106.0600 17 468 233.9600 136.4700 20 517 463.4500 125.8000 88 254 -16.6100 -193.4700 91 388 259.4399 -232.3200
-3.8923961320e+00 -4.1419844055e+00 5.1703097996e+00
45 49 51
3 18 396 591.7500 134.7200 19 243 597.0200 119.8900 17 470 477.7400 138.8000
-2.4497800905e+01 -3.4129531565e+00 -2.2509361877e+00
138 136 131
3 18 391 -482.1000 119.8100 19 347 -489.9400 57.6500 17 472 -501.1600 139.8400
-8.9246680771e+00 -3.9381283692e+00 4.9509590145e+00
166 176 185
5 18 571 335.4000 136.9300 19 549 368.3400 112.4300 17 473 210.5100 144.4000 20 812 441.5699 131.4700 88 256 -60.8400 -180.0300
-2.5954723776e+01 -2.1119328219e+00 -2.6917118873e+00
107 116 118
3 18 407 -550.4900 176.3600 19 241 -568.1400 114.2900 17 486 -557.7800 192.6700
-2.5592820902e+01 -2.0173767300e+00 -2.3715861809e+00
72 76 75
4 18 410 -536.2200 182.3300 19 363 -551.0900 120.4200 17 487 -547.1200 198.8000 20 333 -509.6000 125.1300
-2.3425458507e+01 -1.8269880055e+00 -1.4636278998e+00
253 254 251
3 18 412 -439.2500 198.7600 19 375 -442.8600 141.0500 17 491 -466.6100 213.2900
2.0592935707e+01 8.9756276095e+00 -3.7856732452e+01
202 206 121
3 18 610 607.7300 395.1900 19 590 442.6000 365.4900 17 520 730.8000 399.0600
1.9165100129e+01 9.6570581651e+00 -3.9287796848e+01
122 131 88
4 18 621 565.0200 403.9200 19 863 400.6700 373.0000 17 534 686.5400 408.0000 88 202 678.0200 263.3100
2.0256359491e+01 1.0748011514e+01 -4.0165735459e+01
192 187 128
4 18 633 575.8500 422.8400 19 881 408.8101 390.9800 17 546 701.1300 427.8101 88 209 706.1700 305.8900
2.1125790423e+01 1.0885916077e+01 -3.9996389833e+01
158 174 85
5 18 634 594.2700 426.2500 19 612 424.9000 394.6900 17 549 721.2600 431.8800 20 585 286.1300 397.5100 88 148 746.9500 313.9300
2.2915045916e+01 1.1087209642e+01 -3.9469825118e+01
218 215 141
4 18 639 633.5699 432.8700 19 884 461.7000 400.8200 17 554 763.8199 438.8900 20 596 319.2700 404.6800
2.1739439386e+01 1.1882353868e+01 -4.1054630169e+01
119 127 78
4 18 641 594.3400 442.0100 19 628 422.9000 409.7800 17 556 724.2700 447.9200 88 153 749.6500 349.0600
1.4154275239e+01 1.2959636625e+01 -4.5681394409e+01
100 106 57
4 18 644 410.8800 444.1000 19 626 247.4301 408.3800 17 557 533.0601 448.3800 88 219 340.8400 354.2300
2.3515551262e+01 1.2274098500e+01 -4.0473941026e+01
200 198 118
4 18 649 633.3000 452.5500 19 906 458.2900 420.6400 17 564 766.3500 458.8500 20 921 314.8900 423.2300
2.3515551262e+01 1.2274098500e+01 -4.0473941026e+01
200 198 118
4 18 650 633.3000 452.5500 19 907 458.2900 420.6400 17 565 766.3500 458.8500 20 922 314.8900 423.2300
2.1680633575e+01 1.3424677418e+01 -4.3240983529e+01
188 186 116
3 18 658 570.4399 463.3600 19 648 397.1200 429.7100 17 573 702.4800 469.7100
-2.1116420274e+01 -4.8195728243e+00 1.4675384615e-01
198 176 165
4 18 787 -325.1400 60.9200 19 794 -306.1100 4.6500 17 697 -378.9100 83.4100 20 800 -231.0700 8.7100
-1.1857114560e+01 -3.8011971977e+00 3.2041577263e+00
67 68 68
3 18 795 157.4700 134.9700 19 803 188.6400 102.5800 17 702 50.9900 145.2100
-2.3780124607e+01 -3.0469179588e+00 -1.9598335019e+00
174 183 187
5 18 573 -450.5800 138.9500 19 538 -455.7000 78.7900 17 709 -474.8600 158.2200 20 319 -405.2700 81.7900 21 338 -336.9500 64.9400
-5.3410032884e+00 -2.2423871094e+00 6.6011206770e+00
187 171 189
3 18 1206 552.9900 242.1600 19 1193 571.8900 221.8100 17 726 420.1600 245.6100
2.1058840674e+01 9.0393434072e+00 -3.7775332110e+01
113 118 63
3 18 849 618.0000 396.8200 19 857 451.3400 367.7000 17 762 741.5100 400.5800
2.1058840674e+01 9.0393434072e+00 -3.7775332110e+01
113 118 63
3 18 850 618.0000 396.8200 19 858 451.3400 367.7000 17 763 741.5100 400.5800
2.3099298135e+01 1.0137539459e+01 -3.8397724905e+01
217 211 138
3 18 874 649.5300 417.3200 19 1273 477.9200 387.6100 17 787 779.0100 422.7700
2.3599872216e+01 1.0601095029e+01 -3.9139494181e+01
77 63 54
4 18 882 650.6600 423.8600 19 1282 476.8300 393.5700 17 792 782.0500 429.5800 20 1317 335.5100 396.8400
2.2371042496e+01 1.0770031820e+01 -3.9429640212e+01
230 219 164
4 18 883 624.2000 426.1400 19 1290 452.6400 395.5400 17 793 752.8300 431.6100 20 1321 312.3199 398.6200
2.3839038459e+01 1.0992382101e+01 -3.8911527932e+01
89 91 57
3 18 899 657.4399 433.0601 19 887 483.1300 402.4600 17 796 789.2900 439.2500
2.2490299393e+01 1.1497172945e+01 -4.0449389749e+01
228 219 132
4 18 904 614.9399 436.8400 19 890 442.5699 405.1800 17 801 745.3101 442.6400 20 1345 301.0200 408.1600
-2.5903286513e+01 3.2705638122e+01 -9.6665298118e+01
200 196 185
4 18 694 -350.5900 545.6700 19 679 -554.1200 494.0900 17 866 -178.6700 545.4900 20 660 -759.4600 505.0800
-1.6409057139e+01 -4.1727979394e-01 2.4401193363e+00
80 105 134
6 18 812 -92.1400 301.9100 19 818 -64.4900 260.2100 17 1037 -178.3500 306.2700 20 831 20.6000 275.2600 91 288 -430.8400 -22.8000 21 910 96.5700 262.4500
2.2255288827e+01 8.8352337205e+00 -3.7068865017e+01
213 212 138
3 18 2015 649.2600 395.2400 19 3294 480.6500 366.4500 17 1106 774.7600 399.8300
2.0071918480e+01 1.1000591525e+01 -4.0588855827e+01
211 207 135
5 18 1310 568.0300 425.8101 19 1287 400.4800 394.4900 17 1162 693.5000 430.9100 20 2107 262.4200 398.9000 88 422 689.1801 313.1500
2.0773702979e+01 1.1107065697e+01 -4.0485468121e+01
229 223 139
4 18 2082 582.5100 428.4900 19 2025 413.6100 396.5000 17 1168 709.1400 433.9800 88 430 721.3800 319.6000
2.0401232073e+01 1.2854378108e+01 -4.2980508921e+01
232 236 138
4 18 1352 549.6100 453.2400 19 1337 379.2300 419.7600 17 1196 678.7400 459.2200 88 323 653.4600 374.0900
1.2208468667e+01 1.4060755185e+01 -4.7933553319e+01
168 189 85
4 18 2155 357.8500 455.9200 19 2082 194.0900 418.3900 17 1197 481.3800 460.1400 88 457 222.1100 381.4800
2.1890365747e+01 1.3178389214e+01 -4.2946032665e+01
218 219 115
4 18 1363 577.4800 459.7200 19 1358 403.9100 426.3400 17 1212 709.5000 466.1799 88 460 716.3000 388.4100
2.3326922692e+01 1.3194176725e+01 -4.2316475436e+01
227 218 159
3 18 1370 609.8500 462.6899 19 1361 434.3101 429.8201 17 1223 744.4800 469.7200
-1.7497874317e+01 3.3845880685e+00 1.1819325114e+00
177 202 218
4 18 946 -160.7300 482.8101 19 918 -152.6300 440.9500 17 1230 -226.6000 476.2700 20 640 -82.0900 459.9700
-7.9156053327e+00 -4.6062112922e+00 5.0936227431e+00
20 19 27
4 18 1182 391.0200 102.6200 19 1172 421.3800 82.2900 17 1596 265.4700 108.8600 88 516 42.1100 -241.6800
-9.3392035393e+00 -4.5870891115e+00 4.4781996116e+00
250 248 236
6 18 1888 306.8101 100.1000 19 3131 339.7900 75.1700 17 1597 186.6100 109.1900 20 3344 413.0300 94.1300 88 515 -108.9700 -248.4400 21 5880 445.6100 90.4500
-2.1817648473e+01 -3.1857691066e+00 -9.8933357380e-01
105 106 106
5 18 1193 -360.5100 138.1000 19 1173 -354.7700 82.4100 17 1608 -400.3300 155.2900 20 1208 -293.3100 88.1000 21 1320 -219.5600 73.5300
-7.8060650974e+00 -3.5953122653e+00 5.3977007422e+00
27 31 47
5 18 1194 401.2300 158.7300 19 1183 430.5500 136.7900 17 1612 273.8000 164.1800 20 823 499.1400 156.6100 88 359 54.9900 -139.8500
-8.2571933359e+00 -3.0762092036e+00 5.3529416664e+00
28 29 36
3 18 1199 375.7100 186.1300 19 1187 405.8800 162.1100 17 1617 248.3600 192.0800
-1.1729916471e+01 -2.2773930710e+00 4.1802964535e+00
231 240 240
7 18 1922 173.3600 219.6700 19 1871 208.5200 187.2200 17 1622 57.9100 226.4100 20 1967 291.6000 203.2900 88 532 -353.5000 -32.2500 91 838 -10.0300 -120.0900 21 3392 343.8000 193.2500
1.7548418825e+01 1.0074819457e+01 -4.0656894904e+01
231 223 152
4 18 3653 520.1700 406.8100 19 3327 357.5200 374.8800 17 1739 640.4000 410.6800 88 582 579.6300 270.4500
1.7286410058e+01 1.0124778147e+01 -4.0804673874e+01
212 208 138
4 18 2043 513.7400 407.2900 19 1967 351.3600 374.9700 17 1742 633.8101 411.2200 88 584 565.1600 271.4200
1.6446922409e+01 1.2282326169e+01 -4.3907129226e+01
113 110 57
5 18 2111 468.4800 438.3600 19 2052 303.7800 403.8500 17 1817 591.7800 442.9600 88 442 469.1000 341.1600 91 658 -488.2800 157.2900
2.2090528254e+01 1.2203464998e+01 -4.1133141050e+01
220 215 138
