# Bundle file v0.3
110 4132
0 0 0
0 0 0
0 0 0
0 0 0
0 0 0
0 0 0
0 0 0
0 0 0
0 0 0
0 0 0
0 0 0
0 0 0
0 0 0
0 0 0
0 0 0
0 0 0
0 0 0
0 0 0
0 0 0
0 0 0
0 0 0
0 0 0
0 0 0
0 0 0
0 0 0
0 0 0
0 0 0
0 0 0
0 0 0
0 0 0
0 0 0
0 0 0
0 0 0
0 0 0
0 0 0
0 0 0
0 0 0
0 0 0
0 0 0
0 0 0
1.6760631405e+03 -1.3049901406e-01 1.2833156239e-01
9.9176462239e-02 2.3926311215e-01 -9.6587638572e-01
-3.1700082181e-01 9.2768621322e-01 1.9725305770e-01
9.4322558718e-01 2.8662074761e-01 1.6785123988e-01
4.1967616180e-01 4.1402835438e+00 -3.2725609163e+01
1.6769920197e+03 -1.3996313953e-01 1.6504352404e-01
2.4596842128e-01 2.0227485374e-01 -9.4793692790e-01
-2.7338444229e-01 9.5275405669e-01 1.3236560799e-01
9.2992498754e-01 2.2659344873e-01 2.8964620927e-01
2.0443507989e+00 2.7952411101e+00 -3.0486157639e+01
1.6768646654e+03 -1.4545743749e-01 1.7747579687e-01
3.9372860824e-01 1.9475202390e-01 -8.9835930019e-01
-2.6430717279e-01 9.6001374025e-01 9.2278583388e-02
8.8040871274e-01 2.0111008857e-01 4.2945923067e-01
3.9910827608e+00 3.0292026481e+00 -2.9130559077e+01
1.6772597781e+03 -1.6202670366e-01 2.2660572328e-01
5.7426331426e-01 2.0897609300e-01 -7.9154951737e-01
-2.7630889528e-01 9.5961265357e-01 5.2886193793e-02
7.7063288295e-01 1.8834157178e-01 6.0881229624e-01
4.3889915644e+00 3.8404666773e+00 -2.8261233955e+01
1.6715712325e+03 -1.2821211219e-01 1.3743624590e-01
7.1419309292e-01 1.5989325891e-01 -6.8144139277e-01
-2.2103439221e-01 9.7526192915e-01 -2.8225876619e-03
6.6413253458e-01 1.5263785669e-01 7.3186724289e-01
5.9539423843e+00 4.5947172051e+00 -2.9229017671e+01
1.6807889240e+03 -1.6847496588e-01 2.1837096235e-01
8.1353864905e-01 1.4036543600e-01 -5.6431587863e-01
-1.7465116052e-01 9.8460635778e-01 -6.8769436229e-03
5.5466371671e-01 1.0415308253e-01 8.2553031245e-01
7.6314642167e+00 4.8696011062e+00 -3.1466386265e+01
1.6752528723e+03 -1.4411536740e-01 1.6373968678e-01
9.1537763050e-01 9.8522843739e-02 -3.9035502153e-01
-1.1518041348e-01 9.9315451508e-01 -1.9431457138e-02
3.8576840971e-01 6.2748373975e-02 9.2045932862e-01
7.7717392698e+00 4.8606980135e+00 -3.2756448203e+01
1.6765360550e+03 -1.5287633670e-01 1.9050684802e-01
9.4730613126e-01 8.4982273499e-02 -3.0885126983e-01
-9.9253051461e-02 9.9458662229e-01 -3.0761705612e-02
3.0456514157e-01 5.9795183312e-02 9.5061275533e-01
1.1399707208e+01 5.4549819224e+00 -3.3979270140e+01
1.6754498415e+03 -1.5475935511e-01 2.0702759701e-01
9.8490694478e-01 5.0563801760e-02 -1.6553432293e-01
-5.5423139487e-02 9.9815326843e-01 -2.4866208518e-02
1.6397129544e-01 3.3665333329e-02 9.8589049068e-01
1.1858340151e+01 5.5364527205e+00 -3.5815995327e+01
1.6701481511e+03 -1.3703317050e-01 1.6140590168e-01
9.9981437810e-01 -1.8960530504e-02 3.4216399954e-03
1.9098611584e-02 9.9874663445e-01 -4.6264491834e-02
-2.5401521210e-03 4.6321252705e-02 9.9892336502e-01
1.2588662788e+01 7.0252925633e+00 -3.6721076351e+01
1.6676918910e+03 -1.3187326252e-01 1.4161733635e-01
9.8838969854e-01 -4.2553183365e-02 1.4585962572e-01
4.9046077053e-02 9.9794600452e-01 -4.1209882200e-02
-1.4380641903e-01 4.7885265486e-02 9.8844661727e-01
1.3914379602e+01 7.0537965373e+00 -3.7049927233e+01
1.6692016360e+03 -1.5652797364e-01 1.9438903581e-01
9.5395855387e-01 -9.0364268214e-02 2.8600240650e-01
9.5697847478e-02 9.9539934885e-01 -4.6966263867e-03
-2.8426220199e-01 3.1850201591e-02 9.5821738931e-01
1.3525809111e+01 6.8621585467e+00 -3.8985809864e+01
1.6642631216e+03 -1.4674891438e-01 1.6715090813e-01
8.9825134003e-01 -1.1215864391e-01 4.2492936912e-01
1.2101609480e-01 9.9263125984e-01 6.1876323078e-03
-4.2249217146e-01 4.5865243802e-02 9.0520536038e-01
1.3887240328e+01 7.4524666814e+00 -4.0516072601e+01
1.6605442579e+03 -1.3303755018e-01 1.1712581072e-01
8.0395167167e-01 -1.3034077750e-01 5.8023528964e-01
1.3616510839e-01 9.9011117850e-01 3.3747851351e-02
-5.7889616761e-01 5.1876159594e-02 8.1374940319e-01
1.3438417240e+01 7.4913097133e+00 -4.3432065387e+01
0 0 0
0 0 0
0 0 0
0 0 0
0 0 0
0 0 0
0 0 0
0 0 0
0 0 0
0 0 0
0 0 0
0 0 0
0 0 0
0 0 0
0 0 0
0 0 0
0 0 0
0 0 0
0 0 0
0 0 0
0 0 0
0 0 0
0 0 0
0 0 0
0 0 0
0 0 0
0 0 0
0 0 0
0 0 0
0 0 0
0 0 0
0 0 0
0 0 0
0 0 0
0 0 0
0 0 0
0 0 0
0 0 0
0 0 0
0 0 0
0 0 0
0 0 0
0 0 0
0 0 0
0 0 0
0 0 0
0 0 0
0 0 0
0 0 0
0 0 0
0 0 0
0 0 0
0 0 0
0 0 0
0 0 0
0 0 0
0 0 0
0 0 0
0 0 0
0 0 0
0 0 0
0 0 0
0 0 0
0 0 0
0 0 0
0 0 0
0 0 0
0 0 0
0 0 0
0 0 0
0 0 0
0 0 0
0 0 0
0 0 0
0 0 0
0 0 0
0 0 0
0 0 0
0 0 0
0 0 0
0 0 0
0 0 0
0 0 0
0 0 0
0 0 0
0 0 0
0 0 0
0 0 0
0 0 0
0 0 0
0 0 0
0 0 0
0 0 0
0 0 0
0 0 0
0 0 0
0 0 0
0 0 0
0 0 0
0 0 0
0 0 0
0 0 0
0 0 0
0 0 0
0 0 0
0 0 0
0 0 0
0 0 0
0 0 0
0 0 0
0 0 0
0 0 0
0 0 0
0 0 0
0 0 0
0 0 0
0 0 0
0 0 0
0 0 0
0 0 0
1.6643021777e+03 -1.2693238406e-01 1.3642979993e-01
7.2965317743e-01 1.5210158315e-01 -6.6668684483e-01
-2.3545742297e-01 9.7121332165e-01 -3.6117666352e-02
6.4200159084e-01 1.8332973642e-01 7.4446233290e-01
4.9916624146e+00 -5.8741949819e-01 -1.2913570532e+01
0 0 0
0 0 0
0 0 0
0 0 0
0 0 0
0 0 0
0 0 0
0 0 0
0 0 0
0 0 0
0 0 0
0 0 0
0 0 0
0 0 0
0 0 0
0 0 0
0 0 0
0 0 0
0 0 0
0 0 0
0 0 0
0 0 0
0 0 0
0 0 0
0 0 0
0 0 0
0 0 0
0 0 0
0 0 0
0 0 0
0 0 0
0 0 0
0 0 0
0 0 0
0 0 0
0 0 0
0 0 0
0 0 0
0 0 0
0 0 0
0 0 0
0 0 0
0 0 0
0 0 0
0 0 0
0 0 0
0 0 0
0 0 0
0 0 0
0 0 0
0 0 0
0 0 0
0 0 0
0 0 0
0 0 0
0 0 0
0 0 0
0 0 0
0 0 0
0 0 0
0 0 0
0 0 0
0 0 0
0 0 0
0 0 0
0 0 0
0 0 0
0 0 0
0 0 0
0 0 0
0 0 0
0 0 0
0 0 0
0 0 0
0 0 0
0 0 0
0 0 0
0 0 0
0 0 0
0 0 0
0 0 0
0 0 0
0 0 0
0 0 0
0 0 0
0 0 0
0 0 0
0 0 0
0 0 0
0 0 0
0 0 0
0 0 0
0 0 0
0 0 0
0 0 0
0 0 0
0 0 0
0 0 0
0 0 0
0 0 0
0 0 0
0 0 0
0 0 0
0 0 0
0 0 0
0 0 0
0 0 0
0 0 0
0 0 0
0 0 0
0 0 0
0 0 0
0 0 0
0 0 0
0 0 0
0 0 0
0 0 0
0 0 0
0 0 0
0 0 0
0 0 0
0 0 0
0 0 0
0 0 0
0 0 0
0 0 0
0 0 0
0 0 0
0 0 0
0 0 0
0 0 0
0 0 0
0 0 0
0 0 0
0 0 0
0 0 0
0 0 0
0 0 0
0 0 0
0 0 0
0 0 0
0 0 0
0 0 0
0 0 0
0 0 0
0 0 0
0 0 0
0 0 0
0 0 0
0 0 0
0 0 0
0 0 0
0 0 0
0 0 0
0 0 0
0 0 0
0 0 0
0 0 0
0 0 0
0 0 0
0 0 0
0 0 0
0 0 0
0 0 0
0 0 0
0 0 0
0 0 0
0 0 0
0 0 0
0 0 0
4.8088263094e+03 2.6124299221e-02 2.2820785470e-03
4.0668444693e-02 2.3359566157e-01 -9.7148296151e-01
-1.4211412143e-01 9.6375477794e-01 2.2578818502e-01
9.8901448629e-01 1.2887899324e-01 7.2391650099e-02
-1.3889103805e+00 -1.5398909917e+00 -4.8188165942e+01
4.8742242246e+03 -3.8158717251e-02 4.0676221489e-04
2.7586321271e-01 2.6440144490e-01 -9.2411653151e-01
-1.7359843064e-01 9.5931751506e-01 2.2265105026e-01
9.4539043403e-01 9.9003945557e-02 3.1054008760e-01
3.0872084591e+00 2.1018655199e-01 -4.7508509556e+01
4.7744344331e+03 8.1751658627e-02 3.4335190308e-04
5.2650127113e-01 1.7376926479e-01 -8.3222632385e-01
-1.3459504633e-01 9.8358066629e-01 1.2022165533e-01
8.3945255078e-01 4.8716686268e-02 5.4124495330e-01
3.6294273074e+00 5.5017500324e-02 -4.5265443779e+01
4.7921801610e+03 4.5803977050e-02 3.1529798354e-03
6.8739297724e-01 5.9278908743e-02 -7.2386249096e-01
-4.0423596419e-02 9.9824131034e-01 4.3361494258e-02
7.2515986354e-01 -5.4526143862e-04 6.8858033300e-01
6.5792684317e+00 5.3834704750e-01 -4.5940555601e+01
4.8090036511e+03 4.3819120368e-02 7.3406397756e-03
8.4771887472e-01 1.2889696623e-01 -5.1454667577e-01
-6.5842632413e-02 9.8809442522e-01 1.3904731070e-01
5.2634347835e-01 -8.3993922130e-02 8.4611320983e-01
9.4911907909e+00 9.2015484590e-01 -6.3754801367e+01
4.8062120045e+03 5.9548790900e-02 4.3857139354e-04
9.8733753451e-01 4.5354941622e-02 -1.5201158583e-01
-2.3789041878e-02 9.8975301242e-01 1.4079437449e-01
1.5683964563e-01 -1.3539536060e-01 9.7829924966e-01
7.4261995158e+00 1.2923692491e-01 -5.6669905090e+01
4.7923976127e+03 1.1092369295e-01 6.6045874099e-03
9.5200585090e-01 7.4268461518e-02 -2.9693274570e-01
-2.6851410178e-02 9.8663993771e-01 1.6068800542e-01
3.0489975667e-01 -1.4500285838e-01 9.4128120636e-01
1.6058762871e+01 -1.0095007394e+00 -5.4767090503e+01
4.7840774789e+03 9.7003055483e-02 2.4898649740e-03
9.6398383660e-01 -4.8411609821e-02 2.6151764530e-01
1.1042627931e-02 9.8973137918e-01 1.4251265712e-01
-2.6573148692e-01 -1.3449205592e-01 9.5461964350e-01
6.2064995531e+00 1.3488620593e+00 -5.7042012910e+01
0 0 0
0 0 0
0 0 0
0 0 0
0 0 0
0 0 0
0 0 0
0 0 0
0 0 0
0 0 0
4.7885127944e+03 2.3845612176e-02 1.7470190235e-03
7.5736270684e-01 -1.7797826772e-01 6.2827180942e-01
5.1886578518e-02 9.7549980323e-01 2.1379409925e-01
-6.5092972990e-01 -1.2932080314e-01 7.4804185485e-01
5.5140811195e+00 3.2330853751e-01 -7.0034748799e+01
0 0 0
0 0 0
0 0 0
0 0 0
0 0 0
0 0 0
0 0 0
0 0 0
0 0 0
0 0 0
0 0 0
0 0 0
0 0 0
0 0 0
0 0 0
0 0 0
0 0 0
0 0 0
0 0 0
0 0 0
0 0 0
0 0 0
0 0 0
0 0 0
0 0 0
0 0 0
0 0 0
0 0 0
0 0 0
0 0 0
0 0 0
0 0 0
0 0 0
0 0 0
0 0 0
0 0 0
0 0 0
0 0 0
0 0 0
0 0 0
0 0 0
0 0 0
0 0 0
0 0 0
0 0 0
0 0 0
0 0 0
0 0 0
0 0 0
0 0 0
0 0 0
0 0 0
0 0 0
0 0 0
0 0 0
0 0 0
0 0 0
0 0 0
0 0 0
0 0 0
0 0 0
0 0 0
0 0 0
0 0 0
0 0 0
0 0 0
0 0 0
0 0 0
0 0 0
0 0 0
0 0 0
0 0 0
0 0 0
0 0 0
0 0 0
0 0 0
0 0 0
0 0 0
0 0 0
0 0 0
0 0 0
0 0 0
0 0 0
0 0 0
0 0 0
0 0 0
0 0 0
0 0 0
0 0 0
0 0 0
-2.2668721683e+01 -2.0522609297e+00 -1.2575267536e+00
23 22 25
7 18 269 -404.3000 185.7900 19 247 -405.0100 130.4300 17 345 -436.5900 199.6500 20 137 -348.2700 137.6300 16 475 -420.7900 193.7200 21 164 -275.6900 123.5600 87 250 -406.2100 -202.9100
-3.8932768782e+01 3.3320051166e+01 -1.0568182720e+02
192 190 175
5 18 967 -503.0700 519.9900 19 941 -720.0200 465.7700 17 852 -319.3000 519.7200 16 1168 -83.0900 496.4900 12 832 708.6500 587.0300
-2.0140405992e+01 2.3157133440e+01 -6.9681808647e+01
130 128 100
11 18 2250 -275.9500 516.8800 19 2153 -456.3900 466.3000 17 1916 -128.7800 517.4600 20 1440 -628.2000 475.5500 16 1709 73.1900 487.2300 15 1632 248.5100 513.1300 14 1795 300.5100 503.9200 13 1789 565.8900 530.1200 86 547 -30.2000 502.7700 12 1246 771.8700 574.6300 87 602 714.1600 413.8000
-6.2394411975e+00 -3.6307917413e+00 6.1997042360e+00
214 232 217
15 18 6644 480.2200 156.9200 19 3151 507.5100 138.1000 17 5451 347.6200 161.9300 20 6197 571.6400 158.6000 88 758 193.9500 -139.4000 16 4193 242.9200 113.9600 91 1148 420.2400 -173.3400 21 5906 584.0100 152.7300 14 3711 -40.8900 104.3700 13 4001 -80.6000 130.0000 86 1192 14.3800 -230.1900 12 3806 -187.5000 136.8900 87 678 766.5300 -328.1300 85 2748 41.7300 -109.5600 84 977 -249.5500 -266.8600
-3.7994991408e+01 3.4547420209e+01 -1.0450105462e+02
187 187 172
5 18 975 -494.1800 539.3300 19 953 -710.8400 485.8300 17 1260 -310.9100 538.2600 15 1095 122.7600 540.9200 13 1231 490.9800 559.4800
-3.7994991408e+01 3.4547420209e+01 -1.0450105462e+02
187 187 172
5 18 976 -494.1800 539.3300 19 954 -710.8400 485.8300 17 1261 -310.9100 538.2600 15 1096 122.7600 540.9200 13 1232 490.9800 559.4800
-2.0129415893e+01 2.3133521136e+01 -6.9596022337e+01
130 128 100
9 18 2251 -275.9500 516.8800 19 2154 -456.3900 466.3000 17 1917 -128.7800 517.4600 16 1710 73.1900 487.2300 15 1634 248.5100 513.1300 14 1797 300.5100 503.9200 13 1791 565.8900 530.1200 86 548 -30.2000 502.7700 87 603 714.1600 413.8000
-2.0359573465e+01 2.3274361841e+01 -6.9598827572e+01
253 242 218
9 18 4028 -279.7600 518.8700 19 3581 -460.3400 468.3900 17 3246 -132.4000 519.5000 20 3788 -632.4000 477.7200 16 2716 69.7700 489.2300 15 2651 245.1899 515.2000 13 2897 562.1899 532.1700 86 1131 -38.3000 508.2100 87 1242 706.0699 419.1400
-2.3893581228e+01 -2.5195912932e+00 -1.8490717872e+00
181 191 195
4 18 403 -457.7700 159.7200 19 356 -463.8800 100.6100 17 479 -481.0600 176.5100 21 232 -344.2700 89.1800
-1.1122169957e+01 -3.3581703083e+00 4.0114310309e+00
149 164 172
12 18 95 190.8500 158.6000 19 89 224.9399 127.7100 17 138 79.2200 166.3600 88 47 -316.2100 -144.5400 16 212 4.5600 132.7000 91 58 16.2100 -212.7300 15 295 -31.1700 150.8500 21 168 352.9500 136.8800 14 309 -214.0800 133.1200 86 89 -384.8200 -211.1100 87 111 357.6500 -301.2300 85 320 -178.5900 -84.1500
-8.4230476136e+00 -3.2197760760e+00 5.2541525036e+00
221 228 232
10 18 172 349.1000 171.2000 19 147 380.6400 145.7500 17 220 223.4800 178.7400 88 84 -36.9500 -116.2400 16 214 131.6400 138.8900 91 144 240.0900 -174.2400 15 217 80.5500 156.0100 14 310 -123.1000 137.9100 86 128 -168.0000 -191.6700 87 151 577.1300 -285.5100
-2.3137918652e+01 -1.7245012517e+00 -1.3841042175e+00
75 73 72
4 18 273 -426.3900 199.9700 19 253 -429.2000 143.3100 20 141 -375.7700 150.8600 21 169 -303.2200 136.8200
-9.3791990127e+00 -3.6296772811e+00 4.6997357346e+00
212 209 200
8 18 256 291.5900 145.7700 19 244 324.5400 118.6100 17 216 170.6500 154.5500 20 214 399.6200 136.1900 16 207 84.5600 118.0300 15 288 38.8600 135.7000 14 424 -155.5600 116.5100 87 145 498.4000 -322.2400
-1.0745787670e+01 -3.3482225156e+00 4.2064685843e+00
66 68 72
11 18 402 213.8800 159.1400 19 369 247.9600 129.0800 17 335 98.2800 167.1900 20 526 327.2400 146.7000 16 316 20.3900 133.4500 91 283 48.8500 -208.0800 15 403 -18.3600 152.7800 21 577 372.9500 139.2500 14 429 -203.4900 135.0400 86 203 -354.9700 -209.5700 87 232 387.7500 -300.5300
-3.3190202831e+01 3.5340076928e+01 -1.0220671183e+02
247 245 233
5 18 700 -437.8000 557.5000 19 458 -650.3000 504.8900 17 610 -258.7600 556.6700 15 509 172.2600 558.0300 14 553 248.7600 549.1100
-2.2923121092e+01 -3.6345309417e+00 -1.6760707306e+00
204 208 212
4 18 790 -410.5900 110.1000 19 534 -410.8400 51.0000 20 506 -356.3700 53.7900 21 551 -286.3000 37.7200
-8.2283621503e+00 -4.0350645924e+00 5.1993382417e+00
162 170 181
9 18 569 359.7200 129.1300 19 548 391.9100 106.0600 17 469 233.9600 136.4700 20 518 463.4500 125.8000 88 255 -16.6100 -193.4700 16 636 139.7600 95.2000 91 389 259.4399 -232.3200 15 565 87.3600 110.2400 14 623 -116.6300 90.2600
-2.3413747713e+01 -1.7098997423e+00 -1.4533473348e+00
253 254 251
7 18 413 -439.2500 198.7600 19 376 -442.8600 141.0500 17 492 -466.6100 213.2900 16 481 -444.6600 207.8300 15 418 -407.9200 238.9100 14 667 -506.4100 226.0500 85 459 -612.7700 36.7200
-3.5539267160e+01 3.7759244089e+01 -1.0220346791e+02
190 187 179
6 18 706 -468.8200 587.4200 19 686 -684.6800 536.0400 17 614 -287.5100 584.4600 16 832 -50.3200 558.2300 15 753 147.5000 585.8300 14 802 224.5200 576.9200
-6.5783573387e+00 -2.6997242003e+00 6.4822655996e+00
221 230 231
11 18 585 467.5699 208.4600 19 560 495.5000 187.1600 17 490 332.3900 212.9100 20 530 563.3800 205.9400 88 128 168.7500 -49.8600 16 467 228.1300 165.7300 91 215 402.6700 -101.6300 15 581 163.3400 180.7200 21 904 579.0601 196.8400 14 965 -60.0500 161.6200 85 878 17.0300 -29.2200
-2.1240973083e+01 -2.5124574162e+00 -4.4884936197e-01
121 137 146
7 18 582 -337.7800 169.6400 19 551 -328.9600 116.2800 17 715 -383.1000 183.9800 16 960 -380.5500 175.5500 15 1393 -356.8700 205.0900 14 1519 -468.2500 191.2300 87 359 -328.9800 -234.1000
-3.4952384432e+00 2.7417185670e+01 -8.5943557972e+01
144 140 140
8 18 2252 -44.4000 518.5800 19 2158 -232.5400 471.5000 17 1920 112.5700 521.4100 20 2258 -407.8800 477.2700 16 1707 329.5900 483.3800 15 2647 526.3400 508.5900 14 1792 598.8600 500.8500 86 550 606.6400 505.3400
-4.0725983512e+00 -1.4243942467e+00 6.6465291551e+00
239 243 243
7 18 3473 596.6100 282.0600 19 5783 606.3101 261.4200 17 2842 468.1200 285.1600 16 2379 369.3000 231.1400 15 2359 308.0800 243.0400 14 2396 77.2700 223.2500 86 1235 221.4700 -23.6200
8.7602173112e+00 2.6072147343e+01 -7.8505147962e+01
236 237 221
5 18 332 143.9900 528.1500 19 306 -41.7400 484.2400 17 281 296.7700 531.8400 16 269 514.2700 488.0200 15 184 720.3500 513.2000
-9.0910269209e+00 -4.0230961809e+00 4.6587677866e+00
8 9 11
8 18 157 306.0500 127.1300 19 134 338.2800 101.6700 17 130 185.8500 135.1300 20 130 411.6000 120.9800 88 43 -110.1400 -199.6700 16 201 98.3600 97.0600 91 85 181.1000 -244.7300 15 211 51.6100 113.6000
-9.0927685289e+00 -4.0233391584e+00 4.6635095446e+00
8 9 11
8 18 158 306.0500 127.1300 19 135 338.2800 101.6700 17 131 185.8500 135.1300 88 44 -110.1400 -199.6700 16 202 98.3600 97.0600 15 212 51.6100 113.6000 86 122 -221.6000 -270.0600 87 143 522.1801 -363.8300
-7.7462740776e+00 -3.3941370385e+00 5.4522291426e+00
16 17 17
9 18 168 387.1400 165.7000 19 146 417.1100 142.5400 17 139 260.2700 171.7600 20 142 487.3300 161.4000 88 83 31.5400 -127.8500 16 211 165.5500 128.0000 91 89 291.9600 -175.6500 15 214 111.9300 141.5800 87 110 635.8101 -306.2800
-2.3060889024e+01 -3.3609537138e+00 -1.7238808703e+00
18 20 22
3 18 250 -417.6000 122.5700 19 223 -418.8700 63.8000 17 320 -446.5600 141.9000
-2.3882170359e+01 -3.3333723649e+00 -2.0826239556e+00
249 250 252
5 18 392 -454.0100 121.9900 19 348 -459.6700 60.9000 17 321 -476.8200 142.0000 16 460 -454.2300 142.5800 21 336 -342.8200 44.5800
-2.3818371329e+01 -2.0365838663e+00 -1.6959412612e+00
225 232 236
3 18 409 -456.1800 182.9300 19 368 -462.1700 124.8900 20 212 -411.0900 130.2200
-2.9378939946e+01 3.0686167411e+01 -1.0087875581e+02
163 165 155
3 18 324 -389.1700 505.7200 19 300 -595.0200 452.0100 15 358 208.9500 506.2400
8.7441927202e+00 2.7957708407e+01 -7.7546572221e+01
182 180 175
6 18 699 145.4400 558.6600 19 681 -40.5800 515.0000 17 611 298.4800 562.8000 20 663 -207.9600 518.8700 16 576 517.5100 519.6200 15 367 724.5000 546.7600
-2.2694837694e+01 -2.7015537136e+00 -1.3442794600e+00
254 255 252
5 18 260 -403.4200 154.2300 19 235 -403.0600 97.1000 17 337 -436.0700 171.7500 16 324 -421.3400 167.8500 15 412 -388.7700 199.4600
-2.2923121092e+01 -3.6345309417e+00 -1.6760707306e+00
204 208 212
4 18 791 -410.5900 110.1000 19 535 -410.8400 51.0000 20 507 -356.3700 53.7900 21 552 -286.3000 37.7200
-8.4832127672e+00 -4.1153639883e+00 5.0690600299e+00
162 169 181
8 18 567 344.6100 124.2500 19 543 377.2700 100.4700 17 467 219.9800 131.8200 20 807 449.7000 119.9400 88 253 -43.6100 -202.7200 16 635 127.0600 91.3100 91 385 239.1400 -242.4700 15 563 75.9200 106.7800
-1.1658795714e+01 -3.7430323222e+00 3.3498291801e+00
67 68 68
4 18 794 157.4700 134.9700 19 802 188.6400 102.5800 16 452 -18.1700 114.2800 15 569 -48.2400 134.7400
-2.3285624874e+01 -3.5335806730e+00 -1.8939210664e+00
251 251 250
7 18 249 -427.0900 113.6900 19 221 -429.4000 52.8900 17 319 -454.0000 134.5200 20 200 -377.0800 53.8000 16 457 -435.7400 134.4900 15 574 -399.5000 167.4300 87 227 -441.3900 -316.0500
-2.2613733370e+01 -3.0778827283e+00 -1.4874297022e+00
43 44 46
7 18 254 -398.0500 136.8100 19 226 -397.6100 79.0800 17 328 -430.7400 154.6800 20 122 -342.3000 83.3300 16 462 -416.6600 151.8400 15 584 -384.7200 184.2400 87 234 -402.4100 -281.2400
-2.2370505364e+01 -2.2453457452e+00 -1.1075930853e+00
173 182 190
8 18 406 -390.4400 177.9000 19 366 -388.5700 122.4400 17 485 -425.3200 192.3900 20 211 -330.4000 129.3300 16 658 -412.2200 185.9300 15 599 -381.1800 216.0700 21 238 -256.9500 115.1900 87 364 -390.6900 -216.3400
-2.4008881189e+01 -2.2205429604e+00 -1.8622321964e+00
26 26 30
8 18 267 -463.4800 173.7300 19 239 -470.8100 115.2700 17 339 -485.7600 189.0800 20 131 -421.4600 120.4200 16 470 -460.5200 186.3300 15 600 -421.0700 218.0200 21 161 -352.5800 105.2700 87 246 -484.4600 -217.4900
-2.4007768002e+01 -2.2252198064e+00 -1.8583662990e+00
26 26 30
7 18 268 -463.4800 173.7300 19 240 -470.8100 115.2700 17 340 -485.7600 189.0800 20 132 -421.4600 120.4200 16 471 -460.5200 186.3300 15 601 -421.0700 218.0200 87 247 -484.4600 -217.4900
-2.2873183463e+01 -1.7527630363e+00 -1.1687350325e+00
213 221 225
4 18 805 -414.8500 199.5000 19 810 -415.8400 143.8400 20 822 -359.1600 151.7500 21 895 -285.8000 137.9300
-2.4985879011e+01 -5.5874263099e+00 5.0831569296e+01
77 67 78
2 18 1915 313.9399 180.0500 19 3150 -469.0200 136.5600
-1.6962873496e+01 -2.8910606782e-01 2.2286970272e+00
253 255 255
8 18 1210 -129.1500 298.9100 19 1196 -103.7200 255.7600 17 1036 -210.4100 304.0800 20 1232 -19.7700 270.2800 16 979 -239.1200 280.9000 91 595 -491.0600 -31.3300 15 910 -241.1900 305.3600 87 496 -63.7600 -38.8600
-3.7226212466e+01 3.5556944686e+01 -1.0433988131e+02
204 198 187
5 18 1417 -485.4700 551.7100 19 1404 -701.5000 498.9399 17 1266 -302.5800 550.6801 16 1197 -66.5900 525.2700 15 1676 132.2000 554.2200
-2.4266157666e+01 -2.3923982959e+00 -2.0126747147e+00
252 251 249
6 18 1912 -474.5300 164.9600 19 1857 -482.6700 104.7000 20 1213 -435.2100 109.2200 15 2342 -425.8800 212.0400 21 3372 -366.4200 91.7300 87 956 -499.0400 -228.9600
-2.1730550027e+01 2.7695118961e+01 -6.9305704636e+01
94 90 81
5 18 7527 -305.0400 590.9399 19 3601 -489.7000 541.5500 17 6381 -155.4900 588.9100 16 4900 51.4300 558.0400 15 4722 228.7200 585.5601
-2.0471915801e+01 -3.4606036983e+00 -1.2616740513e+00
10 12 11
5 18 6 -295.8100 123.8600 19 6 -289.2400 71.2900 17 10 -342.7300 139.3400 20 4 -234.4500 78.0600 16 11 -339.3900 132.3500
-8.3146437177e+00 -3.7053473778e+00 5.1377281402e+00
166 177 183
4 18 23 353.5000 146.9400 19 21 384.3900 123.4900 17 19 229.4200 153.3100 16 20 135.9700 111.3000
-8.4205283012e+00 -3.8913029334e+00 5.1627714740e+00
161 173 189
7 18 162 349.7900 136.2100 19 138 381.4200 112.5000 17 135 223.5900 143.8600 20 133 454.3700 132.0000 88 46 -36.4500 -180.2100 16 135 130.3500 103.0700 91 86 244.1000 -223.2800
-8.4971613257e+00 -4.3903959580e+00 4.9611560768e+00
158 167 175
8 18 248 342.2500 109.6900 19 232 375.0800 86.0500 17 211 218.5000 116.9900 20 206 447.0800 106.5600 88 75 -46.1400 -232.2600 16 199 126.0400 77.3400 91 136 236.7000 -265.2100 86 119 -175.2200 -302.5300
-8.9272762353e+00 -3.7957324890e+00 4.9207860406e+00
169 181 189
9 18 163 318.0400 140.4300 19 140 351.3400 115.3000 17 213 194.5500 148.2600 20 135 425.0400 134.6000 88 79 -89.8300 -175.0700 16 204 105.4200 109.3100 91 138 202.0000 -222.3400 86 123 -209.8000 -248.3900 87 144 534.0699 -342.7100
1.1806279263e+01 1.6223749458e+01 -5.2356858761e+01
250 247 236
5 18 315 316.2200 476.6600 19 443 149.7400 437.1200 17 266 444.0300 481.3101 88 97 132.6800 428.8700 16 261 634.6600 431.3800
1.1715611701e+01 1.7132276159e+01 -5.2330876851e+01
252 253 245
5 18 320 313.8400 492.5800 19 449 146.4600 453.0701 17 271 442.0200 497.2500 88 101 127.8400 469.1200 16 264 633.3900 446.4700
-8.3051162260e+00 -4.2112251923e+00 5.1183123818e+00
125 129 126
6 18 388 355.0000 119.4100 19 355 387.1200 96.2500 17 314 229.4800 126.9900 88 110 -25.0700 -211.3400 16 294 135.6400 86.4200 91 202 253.3400 -248.2600
-8.0950789107e+00 -3.9046048970e+00 5.2968525287e+00
98 98 96
7 18 397 368.1600 136.4500 19 358 400.0000 113.5800 17 322 241.5800 143.6600 20 336 471.5900 133.2700 88 115 -2.3600 -179.5900 16 302 146.7000 102.0100 91 204 270.2100 -220.3700
-8.6879269055e+00 -3.6670141940e+00 5.0976622756e+00
132 137 135
8 18 399 333.5400 147.5000 19 364 366.6899 123.1600 17 326 209.0300 155.3400 20 340 440.4100 142.0100 88 118 -63.9600 -160.0000 16 305 117.7900 115.3600 91 208 222.0100 -208.5300 21 362 471.9000 136.0800
-8.6869099614e+00 -3.6670321067e+00 5.0936955053e+00
132 137 135
7 18 400 333.5400 147.5000 19 365 366.6899 123.1600 17 327 209.0300 155.3400 20 341 440.4100 142.0100 88 119 -63.9600 -160.0000 16 306 117.7900 115.3600 91 209 222.0100 -208.5300
-7.9668524173e+00 -3.5543760564e+00 5.4121055154e+00
237 238 240
6 18 580 376.3600 155.6600 19 807 407.5500 131.8700 17 477 249.2700 162.8600 88 185 10.2100 -143.6100 16 310 154.3700 121.0900 91 587 279.0800 -191.5500
-8.3357092714e+00 -3.5597214166e+00 5.2860687092e+00
121 125 125
7 18 401 354.6700 154.6300 19 370 387.2200 130.4200 17 329 228.7400 161.8500 20 342 460.1300 149.5200 88 121 -26.7400 -146.8200 16 311 135.2300 120.9300 91 210 250.9000 -195.4800
-2.4096317851e+01 -3.7711988183e+00 -2.0990257519e+00
129 122 116
4 18 387 -463.0200 101.1500 19 217 -467.9800 38.7700 17 313 -485.3000 122.9800 16 454 -462.3400 124.9400
1.5022529042e+01 1.3771853264e+01 -4.7375100937e+01
211 209 122
5 18 923 409.1600 451.5900 19 903 244.2700 415.1700 17 813 533.4000 456.5300 88 222 337.9200 371.7800 16 524 721.5800 402.7700
-7.9460546557e+00 -5.0518880811e+00 5.0311782658e+00
46 49 55
8 18 559 372.8900 75.3300 19 536 404.6000 54.0800 17 462 248.3400 83.2000 20 508 473.4399 75.2900 88 251 9.9900 -292.4500 16 630 152.5100 42.2600 91 279 281.8500 -312.4900 21 878 498.6801 74.0300
-7.3403265024e+00 -3.8598180356e+00 5.5888170184e+00
41 48 54
5 18 574 411.9399 140.2400 19 552 441.5000 118.2500 17 703 283.7000 147.6000 88 258 75.8700 -170.1900 16 637 185.3500 103.7000
-2.3342496436e+01 -3.2990204059e+00 -1.8531536222e+00
205 206 208
4 18 565 -430.2400 124.7800 19 349 -433.2100 66.4800 17 474 -457.1100 143.6100 16 646 -438.1800 141.8800
-8.5301047539e+00 -2.9164435997e+00 5.2970642789e+00
186 199 211
5 18 803 343.8199 188.9800 19 814 375.4301 163.5900 17 720 217.9800 195.0100 20 824 449.1000 181.8800 16 652 126.7400 154.2900
1.7009232804e+01 1.3391818759e+01 -4.5878242979e+01
111 113 61
5 18 922 457.0100 450.7000 19 901 290.9500 415.4400 17 812 581.8101 455.5400 88 221 444.9900 368.8800 16 747 772.7500 400.3400
1.4397411851e+01 1.4340289257e+01 -4.8551588079e+01
101 85 54
5 18 1361 389.1400 457.4299 19 1341 223.4100 420.7800 17 1204 513.8500 462.2000 88 324 293.5800 385.2500 16 750 702.8700 409.3100
1.5561074761e+01 1.0759047128e+01 -4.2896329495e+01
184 183 127
5 18 1288 456.6899 410.7400 19 1257 296.6200 377.3600 17 1143 574.8300 414.8200 88 411 437.7500 280.1000 16 1030 755.8101 357.7200
1.2316454838e+01 1.1711005713e+01 -4.5449197458e+01
206 197 101
6 18 1296 374.7600 419.9400 19 1269 216.4200 384.0400 17 1151 493.1000 423.5300 20 2069 83.2600 387.2900 88 417 255.4100 300.0100 16 1054 671.9200 369.8500
1.7062967164e+01 1.2484807151e+01 -4.4662149845e+01
113 110 57
6 18 2110 468.4800 438.3600 19 2051 303.7800 403.8500 17 1816 591.7800 442.9600 88 441 469.1000 341.1600 16 1080 780.5100 386.5300 91 657 -488.2800 157.2900
1.4547195152e+01 1.5310782947e+01 -4.9903533300e+01
248 247 141
4 18 2191 380.9700 469.9900 19 2107 214.2800 432.6000 17 1875 508.5601 474.7200 16 1124 700.1000 422.4500
-1.0572462425e+01 -2.2888471383e+00 4.7878711393e+00
187 207 212
10 18 1921 229.4100 218.1500 19 1872 264.7700 187.7600 17 1621 108.4600 224.5900 20 3365 346.9100 204.7800 88 531 -254.3200 -34.1900 16 1451 28.0500 188.7300 91 1154 74.2800 -115.2700 21 3393 392.7100 194.5900 86 596 -346.9300 -110.0700 87 698 396.7500 -200.7600
-2.1453146368e+01 -1.2611173438e+00 -9.9828501688e-04
168 190 206
5 18 1923 -351.8600 230.8500 19 1869 -343.3200 179.0300 17 1623 -397.6300 241.2200 16 1464 -392.6600 230.0300 87 963 -350.0900 -131.9200
1.1461812723e+01 1.4323862118e+01 -4.9470798088e+01
139 145 80
6 18 1354 329.7700 453.6500 19 1325 167.2700 415.9800 17 1842 453.0900 457.7000 20 1365 28.8100 418.5500 88 453 158.4900 377.0600 16 1621 638.2500 406.4600
1.1500160042e+01 1.1518469510e+01 -4.5275802041e+01
232 224 138
5 18 3689 361.1400 416.6200 19 3351 203.8200 380.5400 17 3012 478.1600 420.0900 88 858 223.2100 293.2800 16 2495 654.4301 366.7300
1.1873559073e+01 1.1490283753e+01 -4.5061391862e+01
151 136 38
6 18 3693 369.8101 416.9400 19 3353 211.9700 381.0900 17 3014 486.8700 420.6300 20 3518 79.3200 384.5500 88 861 242.5300 294.0300 16 2498 663.4301 366.8900
1.3974061027e+01 1.4268037169e+01 -4.8693248400e+01
152 140 72
6 18 7293 380.1700 455.6500 19 6209 215.5800 418.7300 17 3151 505.0900 460.1300 20 6621 76.0200 421.3700 88 985 274.3199 381.3100 16 2610 693.0900 407.3700
1.1592961251e+01 1.5741940599e+01 -5.2122014943e+01
245 228 179
5 18 7355 314.3900 468.4399 19 6234 148.6700 429.5200 17 6153 441.5400 472.8199 88 1018 127.7600 411.8200 16 2641 631.0000 422.6900
1.0534834594e+01 1.6035269950e+01 -5.2541113281e+01
217 214 147
5 18 3950 293.2300 472.1500 19 3530 127.4800 433.2400 17 3182 419.9700 476.4100 88 699 78.8800 420.3400 16 2652 608.6200 426.8201
1.0979632567e+01 1.9506122624e+01 -5.1672665389e+01
236 214 164
5 18 4050 303.0601 539.6400 19 3590 134.7500 498.8800 17 3273 430.6700 544.6899 88 734 100.2500 574.4100 16 2729 623.9700 497.4100
1.1015988566e+01 2.0765003254e+01 -5.1385881260e+01
253 251 230
4 18 7508 304.5601 564.2400 19 6344 135.3400 523.2000 17 6351 432.4399 569.8101 16 2768 627.2500 523.3800
1.7091213502e+01 1.2089460880e+01 -4.4207797040e+01
244 228 137
6 18 3767 472.7700 432.2500 19 6128 308.7100 398.1200 17 5934 595.8600 437.1600 88 915 478.5900 328.0100 16 4490 783.9500 380.2900 91 1253 -474.0300 145.7000
-3.2491808099e+00 2.7552557280e+01 -8.5782514933e+01
253 251 237
5 18 7470 -40.7800 520.5601 19 6323 -228.8300 473.5200 17 6279 116.0200 523.7400 16 4761 332.8400 485.3000 86 1135 615.2400 512.0400
1.0852570675e+01 2.0678440642e+01 -5.1328920854e+01
132 121 89
4 18 7507 302.0300 562.9399 19 6343 133.1400 521.5900 17 6348 429.7400 568.6899 16 4836 624.1100 522.2600
-8.2641658725e+00 -3.7174974853e+00 5.1160368328e+00
166 177 183
5 18 24 353.5000 146.9400 19 22 384.3900 123.4900 17 20 229.4200 153.3100 88 6 -20.9000 -165.5200 91 13 249.4800 -209.1000
-2.3339961662e+01 -2.5909420675e+00 -1.5277450357e+00
179 190 200
3 18 18 -434.1600 157.9900 19 17 -435.4000 101.8900 17 21 -461.1300 173.7000
3.0083513648e+01 2.5020977501e+01 -6.5166290311e+01
191 190 180
4 18 86 515.5699 564.6000 19 80 320.2300 524.3400 17 86 677.4200 575.3800 20 77 153.8100 523.8199
-1.7696964877e+01 6.1227155776e-01 1.8491352762e+00
166 202 238
3 18 178 -169.7800 341.2600 19 155 -148.4000 298.1100 17 149 -242.9300 342.6000
2.3609619644e+01 1.2345015497e+01 -4.1478449319e+01
179 186 105
4 18 194 618.5100 448.5200 19 171 444.9399 416.3600 17 173 750.3000 454.9600 20 249 301.9800 419.2200
-8.5040662889e+00 -4.8951883516e+00 4.7674092831e+00
221 227 228
6 18 239 339.0400 81.9700 19 222 371.3400 58.7600 17 208 217.4100 91.7000 88 70 -48.4800 -278.7500 91 195 232.6100 -309.5600 21 341 473.0200 76.1000
-1.1335905998e+01 2.0910962645e-01 4.2552160164e+00
215 234 251
4 18 278 175.9400 347.0000 19 266 204.3700 312.0900 17 228 64.3000 349.7300 88 88 -345.9600 194.5100
2.2765057674e+01 9.5629650490e+00 -3.8115026164e+01
151 151 73
3 18 297 640.3700 405.5400 19 283 471.4800 375.6300 17 250 766.0800 411.1300
1.2826521200e+01 2.7191349328e+01 -7.5414634160e+01
199 196 183
4 18 333 211.5300 555.9700 19 307 24.9200 512.7500 17 282 364.5200 560.9301 20 265 -140.6800 516.0900
1.2852562435e+01 2.7224453828e+01 -7.5512175624e+01
199 196 183
3 18 334 211.5300 555.9700 19 308 24.9200 512.7500 17 283 364.5200 560.9301
-8.8437042837e+00 -4.1901232220e+00 4.8625691331e+00
159 168 175
4 18 389 322.5900 119.1100 19 353 355.7200 94.5000 17 316 199.7900 127.1400 88 112 -81.6500 -212.9800
-8.6683622111e+00 -4.0661276343e+00 4.9994581153e+00
127 128 127
6 18 393 333.8300 126.0800 19 357 366.9500 101.9200 17 318 209.9300 133.9700 20 331 440.0699 121.4900 88 114 -62.8100 -199.0900 91 203 223.8500 -240.9900
-2.3649441919e+01 -2.8672393301e+00 -1.8160202276e+00
180 189 193
5 18 258 -445.6100 143.9300 19 230 -450.0100 84.6400 17 333 -470.7700 162.2400 20 202 -399.0100 88.0100 87 238 -464.9200 -264.3500
-2.3961749974e+01 -2.7650069995e+00 -1.9567410676e+00
27 28 28
4 18 259 -459.5900 147.3500 19 233 -466.3200 87.2600 17 334 -482.0700 165.9500 87 242 -481.9100 -256.4500
-2.3676189598e+01 -1.7868017361e+00 -1.6112531322e+00
19 19 25
4 18 272 -450.6800 195.2100 19 252 -456.1800 138.0800 17 346 -475.5200 207.8100 20 138 -404.5100 144.9000
2.4130860031e+01 1.1489970490e+01 -4.0065344609e+01
124 116 69
4 18 640 643.6899 437.2000 19 621 469.8101 406.3300 17 383 775.0200 443.5300 20 602 327.6899 409.2600
1.7823120571e+01 1.3054907790e+01 -4.5071701126e+01
204 210 124
3 18 463 478.4900 447.6799 19 429 312.1899 412.5000 17 385 603.8400 452.7300
-8.4783123902e+00 -4.1142852459e+00 5.0641801071e+00
162 169 181
5 18 566 344.6100 124.2500 19 542 377.2700 100.4700 17 466 219.9800 131.8200 20 806 449.7000 119.9400 91 384 239.1400 -242.4700
-8.2283061858e+00 -4.0332482695e+00 5.1990542771e+00
162 170 181
6 18 568 359.7200 129.1300 19 547 391.9100 106.0600 17 468 233.9600 136.4700 20 517 463.4500 125.8000 88 254 -16.6100 -193.4700 91 388 259.4399 -232.3200
-3.5427098325e+00 -4.0818730768e+00 5.2917525847e+00
45 49 51
3 18 396 591.7500 134.7200 19 243 597.0200 119.8900 17 470 477.7400 138.8000
-2.4502679353e+01 -3.3482679511e+00 -2.2164512863e+00
138 136 131
3 18 391 -482.1000 119.8100 19 347 -489.9400 57.6500 17 472 -501.1600 139.8400
-8.6591731750e+00 -3.8725281247e+00 5.0758144623e+00
166 176 185
5 18 571 335.4000 136.9300 19 549 368.3400 112.4300 17 473 210.5100 144.4000 20 812 441.5699 131.4700 88 256 -60.8400 -180.0300
-2.5983604963e+01 -2.0261172050e+00 -2.6643948479e+00
107 116 118
3 18 407 -550.4900 176.3600 19 241 -568.1400 114.2900 17 486 -557.7800 192.6700
-2.5615289689e+01 -1.9293771747e+00 -2.3404885174e+00
72 76 75
4 18 410 -536.2200 182.3300 19 363 -551.0900 120.4200 17 487 -547.1200 198.8000 20 333 -509.6000 125.1300
-2.3410610944e+01 -1.7346870622e+00 -1.4224546789e+00
253 254 251
3 18 412 -439.2500 198.7600 19 375 -442.8600 141.0500 17 491 -466.6100 213.2900
2.1276578015e+01 9.1323897800e+00 -3.8497739971e+01
202 206 121
3 18 610 607.7300 395.1900 19 590 442.6000 365.4900 17 520 730.8000 399.0600
1.9822845788e+01 9.8219695821e+00 -3.9950526954e+01
122 131 88
4 18 621 565.0200 403.9200 19 863 400.6700 373.0000 17 534 686.5400 408.0000 88 202 678.0200 263.3100
2.0930731198e+01 1.0927914631e+01 -4.0846364443e+01
192 187 128
4 18 633 575.8500 422.8400 19 881 408.8101 390.9800 17 546 701.1300 427.8101 88 209 706.1700 305.8900
2.1814818301e+01 1.1068110075e+01 -4.0676128173e+01
158 174 85
5 18 634 594.2700 426.2500 19 612 424.9000 394.6900 17 549 721.2600 431.8800 20 585 286.1300 397.5100 88 148 746.9500 313.9300
2.3634788285e+01 1.1273275281e+01 -4.0145033210e+01
218 215 141
4 18 639 633.5699 432.8700 19 884 461.7000 400.8200 17 554 763.8199 438.8900 20 596 319.2700 404.6800
2.2436801255e+01 1.2077703275e+01 -4.1753979376e+01
119 127 78
4 18 641 594.3400 442.0100 19 628 422.9000 409.7800 17 556 724.2700 447.9200 88 153 749.6500 349.0600
1.4719168954e+01 1.3164133478e+01 -4.6442760917e+01
100 106 57
4 18 644 410.8800 444.1000 19 626 247.4301 408.3800 17 557 533.0601 448.3800 88 219 340.8400 354.2300
2.4243759766e+01 1.2476655328e+01 -4.1168656068e+01
200 198 118
4 18 649 633.3000 452.5500 19 906 458.2900 420.6400 17 564 766.3500 458.8500 20 921 314.8900 423.2300
2.4243759766e+01 1.2476655328e+01 -4.1168656068e+01
200 198 118
4 18 650 633.3000 452.5500 19 907 458.2900 420.6400 17 565 766.3500 458.8500 20 922 314.8900 423.2300
2.2373855084e+01 1.3639656862e+01 -4.3978586974e+01
188 186 116
3 18 658 570.4399 463.3600 19 648 397.1200 429.7100 17 573 702.4800 469.7100
-2.1062400950e+01 -4.7739861141e+00 2.1629343423e-01
198 176 165
4 18 787 -325.1400 60.9200 19 794 -306.1100 4.6500 17 697 -378.9100 83.4100 20 800 -231.0700 8.7100
-1.1643413594e+01 -3.7360923994e+00 3.3046575901e+00
67 68 68
3 18 795 157.4700 134.9700 19 803 188.6400 102.5800 17 702 50.9900 145.2100
-2.3772593963e+01 -2.9757395637e+00 -1.9236056722e+00
174 183 187
5 18 573 -450.5800 138.9500 19 538 -455.7000 78.7900 17 709 -474.8600 158.2200 20 319 -405.2700 81.7900 21 338 -336.9500 64.9400
-5.0120697320e+00 -2.1463012991e+00 6.7436914304e+00
187 171 189
3 18 1206 552.9900 242.1600 19 1193 571.8900 221.8100 17 726 420.1600 245.6100
2.1750304948e+01 9.1971217940e+00 -3.8415924607e+01
113 118 63
3 18 849 618.0000 396.8200 19 857 451.3400 367.7000 17 762 741.5100 400.5800
2.1750304948e+01 9.1971217940e+00 -3.8415924607e+01
113 118 63
3 18 850 618.0000 396.8200 19 858 451.3400 367.7000 17 763 741.5100 400.5800
2.3823448810e+01 1.0310627261e+01 -3.9053696818e+01
217 211 138
3 18 874 649.5300 417.3200 19 1273 477.9200 387.6100 17 787 779.0100 422.7700
2.4331269184e+01 1.0779740384e+01 -3.9809488370e+01
77 63 54
4 18 882 650.6600 423.8600 19 1282 476.8300 393.5700 17 792 782.0500 429.5800 20 1317 335.5100 396.8400
2.3081766431e+01 1.0951281523e+01 -4.0102569784e+01
230 219 164
4 18 883 624.2000 426.1400 19 1290 452.6400 395.5400 17 793 752.8300 431.6100 20 1321 312.3199 398.6200
2.4574644936e+01 1.1177722756e+01 -3.9578592909e+01
89 91 57
3 18 899 657.4399 433.0601 19 887 483.1300 402.4600 17 796 789.2900 439.2500
2.3201342953e+01 1.1687603263e+01 -4.1140210138e+01
228 219 132
4 18 904 614.9399 436.8400 19 890 442.5699 405.1800 17 801 745.3101 442.6400 20 1345 301.0200 408.1600
-2.6055784679e+01 3.3099237661e+01 -9.8138460559e+01
200 196 185
4 18 694 -350.5900 545.6700 19 679 -554.1200 494.0900 17 866 -178.6700 545.4900 20 660 -759.4600 505.0800
-1.6270811118e+01 -2.9560258695e-01 2.5276949789e+00
80 105 134
6 18 812 -92.1400 301.9100 19 818 -64.4900 260.2100 17 1037 -178.3500 306.2700 20 831 20.6000 275.2600 91 288 -430.8400 -22.8000 21 910 96.5700 262.4500
2.2967586305e+01 8.9908651381e+00 -3.7699612340e+01
213 212 138
3 18 2015 649.2600 395.2400 19 3294 480.6500 366.4500 17 1106 774.7600 399.8300
2.0742569752e+01 1.1183633317e+01 -4.1276397967e+01
211 207 135
5 18 1310 568.0300 425.8101 19 1287 400.4800 394.4900 17 1162 693.5000 430.9100 20 2107 262.4200 398.9000 88 422 689.1801 313.1500
2.1456071474e+01 1.1291740067e+01 -4.1172715261e+01
229 223 139
4 18 2082 582.5100 428.4900 19 2025 413.6100 396.5000 17 1168 709.1400 433.9800 88 430 721.3800 319.6000
2.1073492886e+01 1.3061267751e+01 -4.3710223365e+01
232 236 138
4 18 1352 549.6100 453.2400 19 1337 379.2300 419.7600 17 1196 678.7400 459.2200 88 323 653.4600 374.0900
1.2737675758e+01 1.4278051498e+01 -4.8728485117e+01
168 189 85
4 18 2155 357.8500 455.9200 19 2082 194.0900 418.3900 17 1197 481.3800 460.1400 88 457 222.1100 381.4800
2.2587128399e+01 1.3389890524e+01 -4.3678207918e+01
218 219 115
4 18 1363 577.4800 459.7200 19 1358 403.9100 426.3400 17 1212 709.5000 466.1799 88 460 716.3000 388.4100
2.4048710690e+01 1.3406966547e+01 -4.3041576048e+01
227 218 159
3 18 1370 609.8500 462.6899 19 1361 434.3101 429.8201 17 1223 744.4800 469.7200
-1.7377863692e+01 3.5669582535e+00 1.2419533385e+00
177 202 218
4 18 946 -160.7300 482.8101 19 918 -152.6300 440.9500 17 1230 -226.6000 476.2700 20 640 -82.0900 459.9700
-7.6333664132e+00 -4.5519279282e+00 5.2208955016e+00
20 19 27
4 18 1182 391.0200 102.6200 19 1172 421.3800 82.2900 17 1596 265.4700 108.8600 88 516 42.1100 -241.6800
-9.0817350051e+00 -4.5332430020e+00 4.5974925996e+00
250 248 236
6 18 1888 306.8101 100.1000 19 3131 339.7900 75.1700 17 1597 186.6100 109.1900 20 3344 413.0300 94.1300 88 515 -108.9700 -248.4400 21 5880 445.6100 90.4500
-2.1776192674e+01 -3.1155191461e+00 -9.4082912191e-01
105 106 106
5 18 1193 -360.5100 138.1000 19 1173 -354.7700 82.4100 17 1608 -400.3300 155.2900 20 1208 -293.3100 88.1000 21 1320 -219.5600 73.5300
-7.5209909083e+00 -3.5234690022e+00 5.5273772110e+00
27 31 47
5 18 1194 401.2300 158.7300 19 1183 430.5500 136.7900 17 1612 273.8000 164.1800 20 823 499.1400 156.6100 88 359 54.9900 -139.8500
-7.9794478216e+00 -2.9956039704e+00 5.4812782929e+00
28 29 36
3 18 1199 375.7100 186.1300 19 1187 405.8800 162.1100 17 1617 248.3600 192.0800
-1.1511756005e+01 -2.1846225203e+00 4.2931295023e+00
231 240 240
7 18 1922 173.3600 219.6700 19 1871 208.5200 187.2200 17 1622 57.9100 226.4100 20 1967 291.6000 203.2900 88 532 -353.5000 -32.2500 91 838 -10.0300 -120.0900 21 3392 343.8000 193.2500
1.8177276704e+01 1.0243828608e+01 -4.1339490781e+01
231 223 152
4 18 3653 520.1700 406.8100 19 3327 357.5200 374.8800 17 1739 640.4000 410.6800 88 582 579.6300 270.4500
1.7910715155e+01 1.0294348314e+01 -4.1489266392e+01
212 208 138
4 18 2043 513.7400 407.2900 19 1967 351.3600 374.9700 17 1742 633.8101 411.2200 88 584 565.1600 271.4200
1.7053808875e+01 1.2480227773e+01 -4.4646811428e+01
113 110 57
5 18 2111 468.4800 438.3600 19 2052 303.7800 403.8500 17 1817 591.7800 442.9600 88 442 469.1000 341.1600 91 658 -488.2800 157.2900
2.2793733920e+01 1.2403737080e+01 -4.1835239724e+01
220 215 138
5 18 3837 599.6600 448.5400 19 2073 427.1100 415.6800 17 1833 730.4200 454.5200 20 3654 285.8500 418.4200 88 657 762.5400 362.6700
2.3705042866e+01 1.2545668837e+01 -4.1680166833e+01
137 142 73
3 18 2144 617.9800 451.7200 19 2086 443.9700 419.5300 17 1843 750.3800 458.2100
2.3705042866e+01 1.2545668837e+01 -4.1680166833e+01
137 142 73
3 18 2145 617.9800 451.7200 19 2087 443.9700 419.5300 17 1844 750.3800 458.2100
2.0497727189e+01 1.3321137956e+01 -4.4416425101e+01
226 213 139
5 18 2151 532.8101 455.2500 19 2093 362.2100 421.1300 17 1849 661.7500 461.4000 20 2183 221.3300 424.2400 88 664 615.9200 378.8300
2.0392064038e+01 1.3642367567e+01 -4.4784978177e+01
112 121 60
4 18 3899 527.2300 460.0000 19 3508 356.7400 425.7800 17 1859 656.3900 465.9600 88 675 604.3300 389.3400
