# Bundle file v0.3
110 8477
1.6437940277e+03 1.0178897325e-01 -1.0998495091e+00
-9.2561336992e-01 5.5865195031e-02 -3.7432468447e-01
-1.4529746044e-01 8.6080476874e-01 4.8775382941e-01
3.4946893625e-01 5.0585989177e-01 -7.8865533187e-01
-1.4324967813e+01 5.1363187408e+00 -4.0549796274e+01
1.6558132721e+03 -1.0156770752e-02 -2.7563202455e-02
-7.7775642715e-01 9.4863669375e-02 -6.2136609520e-01
-2.3466932790e-01 8.7324564344e-01 4.2705076134e-01
5.8311683784e-01 4.7795703829e-01 -6.5691081813e-01
-1.4890361171e+01 3.9725336975e+00 -3.7241073581e+01
1.6533013864e+03 -1.2628678060e-01 1.3544894144e-01
-6.5724233216e-01 1.2746320810e-01 -7.4282275638e-01
-2.8789659317e-01 8.6839542416e-01 4.0373870132e-01
6.9652571271e-01 4.7921030653e-01 -5.3405001044e-01
-1.1422350802e+01 4.8765741147e+00 -3.6923013348e+01
1.6607992786e+03 -1.3010253189e-01 1.3333610461e-01
-5.0213957208e-01 1.4925001963e-01 -8.5181000334e-01
-2.9432171182e-01 8.9669794766e-01 3.3061687890e-01
8.1316085746e-01 4.1672199642e-01 -4.0634000245e-01
-9.6832222764e+00 4.1457333644e+00 -3.8574230910e+01
1.6644785062e+03 -1.4465763676e-01 1.6651759127e-01
-3.4194235341e-01 1.8075772220e-01 -9.2217247455e-01
-3.2273702242e-01 8.9904745161e-01 2.9589608670e-01
8.8256231582e-01 3.9879860284e-01 -2.4908519238e-01
-8.6634588561e+00 6.1682858508e+00 -4.2166480992e+01
1.6640113985e+03 -1.5565712323e-01 2.0708780971e-01
-2.0180425699e-01 1.8866489639e-01 -9.6108303425e-01
-3.2998592791e-01 9.1080384276e-01 2.4808395230e-01
9.2216285397e-01 3.6720827452e-01 -1.2154733185e-01
-7.7555523855e+00 5.9123481537e+00 -3.8592412164e+01
1.6631031996e+03 -1.4880305373e-01 1.6756878460e-01
-9.5098761192e-02 2.1308175794e-01 -9.7239518204e-01
-3.2502447039e-01 9.1664192633e-01 2.3265139702e-01
9.4091196149e-01 3.3817708870e-01 -1.7914726127e-02
-5.8572877720e+00 4.8530746735e+00 -3.4229982543e+01
1.6643105200e+03 -1.6077711347e-01 1.9687848979e-01
-2.6128036329e-02 2.2217191734e-01 -9.7465735767e-01
-3.1462662016e-01 9.2361347731e-01 2.1897085290e-01
9.4885584553e-01 3.1237442866e-01 4.5768992960e-02
-2.5527629273e+00 4.1523243252e+00 -3.1811734495e+01
1.6631507514e+03 -1.5779661823e-01 1.9245562902e-01
9.7225117681e-02 2.4293792670e-01 -9.6515721013e-01
-3.2037862020e-01 9.2577342229e-01 2.0075136436e-01
9.4228701371e-01 2.8969766023e-01 1.6784054768e-01
-4.8072779733e-01 3.7577558936e+00 -2.8790979172e+01
1.6637909306e+03 -1.5849055287e-01 1.8986257399e-01
2.4532875183e-01 2.0673295869e-01 -9.4714058477e-01
-2.7648964795e-01 9.5134034345e-01 1.3603317794e-01
9.2917559057e-01 2.2850171709e-01 2.9055066199e-01
1.2426788087e+00 2.4959880030e+00 -2.6632451305e+01
1.6647990595e+03 -1.6127346032e-01 1.9517847960e-01
3.9420540343e-01 1.9984357358e-01 -8.9703101730e-01
-2.6729978714e-01 9.5880551889e-01 9.6139485895e-02
8.7929114843e-01 2.0187749516e-01 4.3138446106e-01
3.3024054187e+00 2.6824182274e+00 -2.5298353897e+01
1.6657248914e+03 -1.6400507268e-01 2.1183961878e-01
5.7575460607e-01 2.1442359059e-01 -7.8900516943e-01
-2.7908798562e-01 9.5858113404e-01 5.6851611559e-02
7.6851579676e-01 1.8746928616e-01 6.1175055119e-01
4.0246800504e+00 3.3816076962e+00 -2.4480854463e+01
1.6640970951e+03 -1.3838025885e-01 1.5197677978e-01
7.1598989060e-01 1.6506311751e-01 -6.7831603534e-01
-2.2320161962e-01 9.7477097888e-01 1.6049059252e-03
6.6146769654e-01 1.5025214128e-01 7.3476852170e-01
5.7754736688e+00 4.1004766805e+00 -2.5461469941e+01
1.6722818197e+03 -1.7442063645e-01 2.2924115060e-01
8.1503478701e-01 1.4527198791e-01 -5.6090493445e-01
-1.7688228277e-01 9.8422974997e-01 -2.1112335722e-03
5.5175262029e-01 1.0093487403e-01 8.2787752549e-01
7.5896946642e+00 4.4141341558e+00 -2.7581502510e+01
1.6663428523e+03 -1.4484252279e-01 1.5706255398e-01
9.1647883845e-01 1.0264993511e-01 -3.8669048282e-01
-1.1727482927e-01 9.9299581912e-01 -1.4349830574e-02
3.8250902356e-01 5.8500376410e-02 9.2209790850e-01
8.0318060159e+00 4.4718627301e+00 -2.8909922069e+01
1.6673985700e+03 -1.5115280640e-01 1.7879943135e-01
9.4802831934e-01 8.8751110083e-02 -3.0555776243e-01
-1.0135648360e-01 9.9452059461e-01 -2.5605666057e-02
3.0161095630e-01 5.5245156893e-02 9.5182918829e-01
1.1540601545e+01 5.0350171697e+00 -3.0119323095e+01
1.6672139725e+03 -1.5526932901e-01 2.0012616369e-01
9.8527164913e-01 5.3611559927e-02 -1.6237480732e-01
-5.7511026304e-02 9.9815621769e-01 -1.9407393926e-02
1.6103496286e-01 2.8459896834e-02 9.8653827853e-01
1.2164642989e+01 5.1733786984e+00 -3.1981752615e+01
1.6638577831e+03 -1.4036193998e-01 1.6076290923e-01
9.9984068861e-01 -1.6843123976e-02 5.9081779076e-03
1.7068585395e-02 9.9903578787e-01 -4.0449449334e-02
-5.2211860809e-03 4.0543849515e-02 9.9916411839e-01
1.3036194074e+01 6.6337709135e+00 -3.3042442581e+01
1.6631258772e+03 -1.3859564125e-01 1.5442875343e-01
9.8817861082e-01 -4.1265758511e-02 1.4764880729e-01
4.6926157544e-02 9.9828290211e-01 -3.5059707585e-02
-1.4594851441e-01 4.1573844329e-02 9.8841825489e-01
1.4407358124e+01 6.7025267702e+00 -3.3558348286e+01
1.6649023379e+03 -1.6262164343e-01 2.1267959313e-01
9.5368435537e-01 -9.0101606668e-02 2.8699799789e-01
9.3535352735e-02 9.9561441480e-01 1.7535168237e-03
-2.8589733841e-01 2.5172157406e-02 9.5792957694e-01
1.4145232692e+01 6.6232669989e+00 -3.5578540203e+01
1.6595632507e+03 -1.4774637583e-01 1.7001259475e-01
8.9808877144e-01 -1.1294124525e-01 4.2506568167e-01
1.1887845494e-01 9.9282850357e-01 1.2628358848e-02
-4.2344358723e-01 3.9189764203e-02 9.0507441176e-01
1.4560415261e+01 7.2186248088e+00 -3.7234762389e+01
1.6492572350e+03 -1.4131242504e-01 1.5037634544e-01
8.0443014413e-01 -1.3236601047e-01 5.7911258188e-01
1.3476134216e-01 9.9010586734e-01 3.9112045607e-02
-5.7855987061e-01 4.6579080309e-02 8.1430882680e-01
1.4197690915e+01 7.3184864019e+00 -4.0118910195e+01
1.6352470596e+03 -1.1411204039e-01 7.3829357079e-02
6.7774953903e-01 -1.9166341601e-01 7.0987371926e-01
2.0939571904e-01 9.7576480905e-01 6.3533221812e-02
-7.0484678845e-01 1.0558490608e-01 7.0145764835e-01
1.2371421492e+01 1.0105770563e+01 -4.3551923090e+01
1.6493160694e+03 -5.4875683931e-02 6.4811286026e-02
5.4074880183e-01 -2.5143782673e-01 8.0272644943e-01
2.2985459299e-01 9.6213105946e-01 1.4652880437e-01
-8.0917093336e-01 1.0527508592e-01 5.7806535693e-01
1.1024091807e+01 1.0219668037e+01 -4.7505056715e+01
1.6540794803e+03 9.6841695759e-02 -2.6379758338e-01
3.9971808997e-01 -2.4595429007e-01 8.8302431209e-01
2.2721701658e-01 9.5985026704e-01 1.6449891258e-01
-8.8803033502e-01 1.3488495862e-01 4.3955451540e-01
8.8926715588e+00 1.0649405775e+01 -5.1169308750e+01
2.8917432062e+03 -5.7722685065e-01 6.8410664948e-01
-3.1126321947e-01 2.9774644228e-01 -9.0247563087e-01
-1.5912071404e-01 9.1991512922e-01 3.5838073804e-01
9.3690757632e-01 2.5515330910e-01 -2.3895811826e-01
-6.0336195581e+00 3.8844912034e+00 -4.5959271383e+01
9.0825922688e+02 -3.0096818358e-01 2.8760500407e-01
1.3516193709e-01 2.6886597575e-01 -9.5364686223e-01
-2.4710760934e-01 9.4121328153e-01 2.3033755248e-01
9.5951502342e-01 2.0452052651e-01 1.9365503885e-01
-4.1214986492e+00 3.0056410422e+00 -1.3716118090e+01
1.4058288062e+03 -2.6897642850e-01 4.3773939175e-02
7.4157510278e-02 2.0542020847e-01 -9.7586023672e-01
-2.4465206237e-01 9.5239775995e-01 1.8188973368e-01
9.6677093049e-01 2.2525772970e-01 1.2088392433e-01
-1.4993976091e+00 3.3725971726e+00 -2.1241756749e+01
1.4810415986e+03 -3.9593642865e-01 -3.9104018275e-03
2.0114687277e-01 2.3927316100e-01 -9.4988856715e-01
-2.2011199042e-01 9.5595038122e-01 1.9418954741e-01
9.5451068472e-01 1.7002124301e-01 2.4495332143e-01
1.7914595081e+00 2.8888150810e+00 -2.1793698256e+01
1.5064939973e+03 -2.0827678435e-03 -4.1671347111e-02
3.1025140423e-01 2.4961021986e-01 -9.1729973526e-01
-1.8707489825e-01 9.6207696083e-01 1.9852179700e-01
9.3206601087e-01 1.1001208834e-01 3.4518153456e-01
3.8475099348e+00 2.8622957814e+00 -2.1604106284e+01
6.6122792429e+03 -1.6145619389e-02 -6.8061793764e-04
5.0045637607e-01 1.9444289672e-01 -8.4364410480e-01
-9.9056060259e-02 9.8091382476e-01 1.6731994898e-01
8.6007634113e-01 -1.6827402802e-04 5.1016532527e-01
4.2405675484e+00 2.8983168837e+00 -9.7544864312e+01
2.1426089701e+03 -3.0304407357e-02 5.0750180574e-03
7.8681959472e-01 1.1793498867e-01 -6.0581041903e-01
-9.6153442561e-02 9.9301153035e-01 6.8429643295e-02
6.0964698051e-01 4.4089731247e-03 7.9266078502e-01
5.5578382962e+00 3.3626863625e+00 -3.1179064401e+01
1.3166695268e+03 -1.1592111435e-01 -4.9232326110e-03
8.4350148565e-01 7.6196320432e-02 -5.3169480386e-01
-8.8788580601e-02 9.9604871208e-01 1.8844404315e-03
5.2973751203e-01 4.5618898644e-02 8.4693393156e-01
7.7433269572e+00 2.9891483996e+00 -1.7993417961e+01
0 0 0
0 0 0
0 0 0
0 0 0
0 0 0
1.0998570904e+03 -1.2406790012e+00 2.1889815521e+00
-9.7129839056e-01 2.3427905757e-01 4.1143160757e-02
1.7086378328e-01 5.6685515517e-01 8.0590371672e-01
1.6548415047e-01 7.8980285910e-01 -5.9061530602e-01
-6.3072855243e+00 4.9615176588e+00 -1.3880932915e+01
8.8949050268e+02 1.2151491576e+00 5.4168591836e+00
-9.0358908782e-01 3.2293253620e-01 -2.8149837912e-01
1.7920991119e-02 6.8501031426e-01 7.2831291863e-01
4.2802523110e-01 6.5305087583e-01 -6.2475511612e-01
-6.0013158065e+00 3.5518265422e+00 -9.3184311478e+00
1.6434383128e+03 -2.8628693028e+00 9.9868246049e+00
-9.0897136739e-01 1.6902597198e-01 -3.8105284942e-01
-1.1310330512e-01 7.7981590903e-01 6.1570674058e-01
4.0122150445e-01 6.0275813459e-01 -6.8971293706e-01
-2.4821223330e+00 1.5958806299e+00 -1.3036587645e+01
0 0 0
0 0 0
0 0 0
0 0 0
0 0 0
1.6767127276e+03 -2.3866771012e-01 4.7044881343e-01
-7.0924238535e-01 1.5927473545e-01 -6.8673633767e-01
-3.0177001844e-01 8.1178657927e-01 4.9993740177e-01
6.3711073982e-01 5.6181323264e-01 -5.2768911002e-01
-1.0691724699e+01 -8.8282377704e-01 -9.9338334357e+00
1.6390100549e+03 -1.0526650500e-01 1.1239303225e-01
-5.6896071206e-01 1.6938020576e-01 -8.0473228718e-01
-3.7776802257e-01 8.1536897920e-01 4.3870804515e-01
7.3046220248e-01 5.5360976659e-01 -3.9992648960e-01
-6.5769437142e+00 -1.0369032662e+00 -9.8026403460e+00
1.6618907979e+03 -1.5919476459e-01 1.9168229103e-01
-2.8010794956e-01 1.9764141620e-01 -9.3940268639e-01
-4.3998145853e-01 8.4331018642e-01 3.0861666453e-01
8.5320328923e-01 4.9976574520e-01 -1.4925932860e-01
-3.2343734705e+00 -1.2308935680e+00 -8.9355079678e+00
1.6579522211e+03 -1.4292058772e-01 1.6780243847e-01
-6.0586186130e-02 2.3323992467e-01 -9.7052998490e-01
-3.6423741008e-01 9.0010276779e-01 2.3905253922e-01
9.2933332187e-01 3.6798660974e-01 3.0420912265e-02
-3.8465905860e+00 -2.5259412147e+00 -7.4447557075e+00
1.6505140574e+03 -1.3565308307e-01 1.5129863660e-01
3.9077949105e-02 2.0081239855e-01 -9.7884998569e-01
-4.2160636003e-01 8.9144575805e-01 1.6604980472e-01
9.0593652707e-01 4.0620049366e-01 1.1949965636e-01
-3.6971994129e-01 -1.4567618356e+00 -8.6965846398e+00
1.6595990265e+03 -1.5006503694e-01 1.7812888612e-01
1.3481087435e-01 2.0320510826e-01 -9.6981117344e-01
-3.0206932634e-01 9.4058531539e-01 1.5509154252e-01
9.4370554213e-01 2.7204218138e-01 1.8818315893e-01
-9.5410254386e-01 -2.6467254069e+00 -8.2805495441e+00
1.6654645854e+03 -1.7231200919e-01 1.9524769049e-01
3.5042901378e-01 2.5028049161e-01 -9.0252932463e-01
-3.9091166704e-01 9.1477081370e-01 1.0189419502e-01
8.5110961390e-01 3.1710256057e-01 4.1839979828e-01
2.2254137365e+00 -1.3254098872e+00 -8.5452761256e+00
1.6589878977e+03 -1.5886349002e-01 1.8950176176e-01
3.8468272815e-01 1.8783145119e-01 -9.0373588211e-01
-2.8110036813e-01 9.5641076998e-01 7.9126620707e-02
8.7920519886e-01 2.2360184483e-01 4.2071419430e-01
2.3335092248e+00 -2.1315594125e+00 -8.3058962051e+00
1.6571898465e+03 -1.2861871387e-01 1.3684543133e-01
7.3134867432e-01 1.5756132335e-01 -6.6355372500e-01
-2.3757976101e-01 9.7086294066e-01 -3.1321041163e-02
6.3928473604e-01 1.8055353733e-01 7.4747270614e-01
4.9147073352e+00 -7.8439487840e-01 -1.0353932386e+01
1.6566145910e+03 -1.1717409195e-01 1.2431653446e-01
9.0985127361e-01 4.9422075726e-02 -4.1198072570e-01
-1.2388598174e-01 9.7995045956e-01 -1.5604281569e-01
3.9600874163e-01 1.9301439125e-01 8.9773187608e-01
7.1714588973e+00 7.8010935512e-01 -1.1260052230e+01
0 0 0
0 0 0
0 0 0
0 0 0
0 0 0
1.6423178227e+03 -1.1706904320e-01 3.1311720056e-01
8.9571154499e-01 -1.5594766853e-01 4.1639062531e-01
1.1621742886e-01 9.8603384666e-01 1.1929275949e-01
-4.2917867770e-01 -5.8460054037e-02 9.0132573728e-01
6.3515401453e+00 4.3723044516e+00 -1.5560325656e+01
1.5733266272e+03 -1.7745970888e-02 1.8681942835e-01
6.2569704213e-01 -3.4146792670e-01 7.0135787335e-01
2.3917211520e-01 9.3977426460e-01 2.4417418149e-01
-7.4249573116e-01 1.4966182958e-02 6.6968358393e-01
1.6171246533e+00 3.0689651934e+00 -1.6316955308e+01
0 0 0
0 0 0
0 0 0
0 0 0
0 0 0
0 0 0
0 0 0
0 0 0
0 0 0
0 0 0
0 0 0
0 0 0
0 0 0
0 0 0
0 0 0
0 0 0
0 0 0
0 0 0
0 0 0
0 0 0
0 0 0
0 0 0
0 0 0
0 0 0
0 0 0
1.9962793521e+03 8.7574856015e-03 -3.8575342950e-03
6.7073597842e-01 1.3929082400e-01 -7.2849935731e-01
-2.7425532105e-01 9.5917011514e-01 -6.9113740323e-02
6.8912790259e-01 2.4615189736e-01 6.8155115531e-01
2.2241138762e+00 1.3002441136e+00 -9.9678178441e+00
1.7010860192e+03 -6.3119611457e-02 2.1148691462e-01
8.1394736488e-01 6.6931237978e-02 -5.7707009677e-01
-1.1765953998e-01 9.9174716211e-01 -5.0929353930e-02
5.6889886611e-01 1.0935161555e-01 8.1510508790e-01
5.3824844812e+00 1.7324922860e+00 -9.8182816752e+00
0 0 0
0 0 0
0 0 0
0 0 0
0 0 0
0 0 0
0 0 0
0 0 0
0 0 0
0 0 0
0 0 0
0 0 0
0 0 0
0 0 0
0 0 0
0 0 0
0 0 0
0 0 0
0 0 0
0 0 0
0 0 0
0 0 0
0 0 0
0 0 0
0 0 0
0 0 0
0 0 0
0 0 0
0 0 0
0 0 0
0 0 0
0 0 0
0 0 0
0 0 0
0 0 0
1.6596268809e+03 -1.1519193364e-01 8.2844416010e-02
-1.2536709637e-01 2.4166519549e-01 -9.6222711687e-01
-4.1219792335e-01 8.6951835191e-01 2.7208584614e-01
9.0242781602e-01 4.3073863186e-01 -9.3950992928e-03
-3.7612848154e+00 -6.1337797458e+00 -1.1875802345e+00
0 0 0
0 0 0
0 0 0
0 0 0
0 0 0
1.6614590844e+03 -1.6608130484e-01 2.0569692653e-01
2.1036855685e-01 2.5994424024e-01 -9.4242987127e-01
-3.4176023491e-01 9.2273299807e-01 1.7822389320e-01
9.1593941510e-01 2.8459235098e-01 2.8295261377e-01
-3.5781983366e+00 -5.4173425175e+00 -1.0391868932e+00
1.6741658052e+03 -1.5914194588e-01 1.5985225128e-01
3.7231631370e-01 1.7712415192e-01 -9.1104752750e-01
-3.6274634450e-01 9.3130977748e-01 3.2820540990e-02
8.5428078060e-01 3.1825953743e-01 4.1099296190e-01
2.8421919916e+00 -4.8247496834e+00 -2.2927822338e+00
0 0 0
0 0 0
0 0 0
0 0 0
0 0 0
0 0 0
0 0 0
0 0 0
0 0 0
0 0 0
1.6595022840e+03 -1.4712175372e-01 1.5481140456e-01
3.8676287069e-01 2.8124586567e-01 -8.7824554932e-01
-3.4710993817e-01 9.2671748050e-01 1.4390761673e-01
8.5435892497e-01 2.4918963537e-01 4.5604314812e-01
4.5289138460e+00 -4.5365043855e+00 -1.9287581392e+00
1.6674232459e+03 -1.4079793640e-01 1.4686787857e-01
8.0117313560e-01 1.6348149813e-01 -5.7566952895e-01
-2.2496875966e-01 9.7367892548e-01 -3.6584248594e-02
5.5453644061e-01 1.5881797706e-01 8.1686362766e-01
1.1053833407e+01 -4.2845215367e+00 -1.6209363285e+00
0 0 0
0 0 0
0 0 0
0 0 0
0 0 0
1.6818246374e+03 -1.2471497106e-01 1.0291606903e-01
7.8175176297e-01 -6.1264326409e-01 1.1632889610e-01
6.1956301454e-01 7.8423497149e-01 -3.3424250250e-02
-7.0752046743e-02 9.8202548104e-02 9.9264817908e-01
1.2221530215e+01 4.8669140180e+00 -5.4270351921e+00
0 0 0
0 0 0
0 0 0
0 0 0
0 0 0
0 0 0
0 0 0
0 0 0
0 0 0
0 0 0
0 0 0
0 0 0
0 0 0
0 0 0
0 0 0
0 0 0
0 0 0
0 0 0
0 0 0
0 0 0
4.7581174313e+03 6.0425754498e-02 6.0744344807e-04
-3.1874341948e-01 1.7512153127e-01 -9.3152299049e-01
-1.7832301185e-01 9.5415497505e-01 2.4039381653e-01
9.3091542902e-01 2.4273593238e-01 -2.7290242057e-01
-4.4130378316e+00 -5.7010453883e-01 -4.6740414250e+01
4.7432322036e+03 5.3935527720e-02 6.5890387696e-04
-2.0189777395e-01 2.1323201570e-01 -9.5591286023e-01
-1.5485109037e-01 9.5678616826e-01 2.4613282599e-01
9.6708760135e-01 1.9771781837e-01 -1.6015378739e-01
-1.0452551134e+01 -1.5186306777e+00 -4.5820128691e+01
4.7450081190e+03 5.1586627368e-02 -4.1568024781e-03
3.8198734357e-02 2.3775002002e-01 -9.7057497633e-01
-1.4417084230e-01 9.6243300196e-01 2.3008147462e-01
9.8881526329e-01 1.3113979072e-01 7.1040343223e-02
-2.2436905341e+00 -1.2669986259e+00 -4.2870762854e+01
4.7865071414e+03 -5.5455022889e-02 2.8502076471e-04
2.7608564895e-01 2.6978726065e-01 -9.2249203164e-01
-1.7672397432e-01 9.5768164537e-01 2.2718825460e-01
9.4474618356e-01 1.0030304140e-01 3.1208003547e-01
2.2878801826e+00 3.1210432656e-01 -4.1903294976e+01
4.7526798863e+03 8.2878242150e-02 5.0322222715e-04
5.2786756353e-01 1.7918491936e-01 -8.3020997347e-01
-1.3626300204e-01 9.8269677136e-01 1.2545696411e-01
8.3832465647e-01 4.6902241337e-02 5.4315002542e-01
3.2074318971e+00 1.1525611833e-01 -4.0310443957e+01
4.7532778315e+03 7.8222306444e-02 2.2421376077e-03
6.8915364779e-01 6.4550050103e-02 -7.2173439767e-01
-4.2298132494e-02 9.9790951422e-01 4.8861737715e-02
7.2337964979e-01 -3.1452276056e-03 6.9044332846e-01
6.2674339960e+00 6.0731513073e-01 -4.0815000719e+01
4.7549608069e+03 4.1018923902e-02 5.8685256355e-03
8.4890131343e-01 1.3369719181e-01 -5.1136251422e-01
-6.8247709190e-02 9.8710660354e-01 1.4478537022e-01
5.2412671201e-01 -8.8009170787e-02 8.4708061931e-01
9.4175148852e+00 1.0278545379e+00 -5.7195275207e+01
4.7652133277e+03 6.8421950436e-02 1.5199974505e-03
9.8776855462e-01 4.7956245232e-02 -1.4836940740e-01
-2.5936544904e-02 9.8880656161e-01 1.4693154651e-01
1.5375492886e-01 -1.4128617153e-01 9.7795584746e-01
8.0466571696e+00 3.4717046061e-01 -5.1210620888e+01
4.7556760877e+03 9.5767142621e-02 5.7880112159e-03
9.5250107506e-01 7.8203362849e-02 -2.9432284324e-01
-2.9283552057e-02 9.8550727127e-01 1.6708648017e-01
3.0312402675e-01 -1.5053123368e-01 9.4098680761e-01
1.5900401307e+01 -6.9941227296e-01 -4.9283846875e+01
4.7478609758e+03 7.7597427554e-02 1.4147390525e-03
9.6333132946e-01 -4.7984119642e-02 2.6398915496e-01
8.5076240000e-03 9.8884684057e-01 1.4869279146e-01
-2.6817973452e-01 -1.4099450401e-01 9.5299537241e-01
7.3105682009e+00 1.5290995724e+00 -5.2195734334e+01
4.7456230008e+03 7.3060635799e-02 1.5101247115e-03
9.9932562915e-01 3.0893194780e-02 1.9846849463e-02
-3.3758041452e-02 9.8561688925e-01 1.6558907654e-01
-1.4445814434e-02 -1.6614739886e-01 9.8599511170e-01
2.0582267371e+01 -1.8222680850e-01 -4.8604418872e+01
4.6417980558e+03 2.3488227073e-01 2.5621045094e-02
8.6684850930e-01 -1.7905086193e-01 4.6531113329e-01
8.1514229223e-02 9.7162786022e-01 2.2202416914e-01
-4.9186287962e-01 -1.5453184167e-01 8.5684935523e-01
1.9147280627e+01 2.0329631143e+00 -6.1342135520e+01
4.7563100018e+03 5.1394968490e-02 3.1414987184e-03
7.5698000361e-01 -1.8022823048e-01 6.2809160086e-01
4.9263125681e-02 9.7421567691e-01 2.2017483805e-01
-6.5157840555e-01 -1.3572619423e-01 7.4634039259e-01
6.7869124887e+00 7.0137435043e-01 -6.4993487788e+01
4.4366921458e+03 1.4290151145e-01 -9.7301461523e-02
5.3738882703e-01 -2.4823143942e-01 8.0597419380e-01
9.0619659067e-02 9.6716258028e-01 2.3745446026e-01
-8.3845174338e-01 -5.4568267210e-02 5.4223701297e-01
1.7559082774e+01 2.9203119601e+00 -6.0266625869e+01
4.9000206664e+03 4.3947769473e-01 1.5470757380e-01
3.4530150468e-01 -2.4550437929e-01 9.0581149839e-01
5.3495321572e-02 9.6875743863e-01 2.4217199607e-01
-9.3696591263e-01 -3.5165677243e-02 3.4764673694e-01
3.6592405442e+00 9.7489626497e-01 -6.7060927441e+01
4.1180646068e+03 -4.6200892196e-01 -9.3105271551e-03
1.4978961641e-02 3.0443486671e-01 -9.5241537295e-01
7.0287199948e-03 9.5246664408e-01 3.0456179835e-01
9.9986310453e-01 -1.1256280470e-02 1.2127173892e-02
-1.5197357925e+00 -1.9287746339e-01 -4.0413991629e+01
4.4237774875e+03 -1.1398463160e-01 -1.7454747440e-03
2.1115848712e-01 2.7640977133e-01 -9.3755518858e-01
8.1249356686e-03 9.5865351177e-01 2.8445989137e-01
9.7741806753e-01 -6.7683695901e-02 2.0018201361e-01
3.1109386411e+00 2.7356777073e-02 -4.2306530672e+01
6.6673123930e+04 -1.1169187853e-03 -4.7997555316e-08
4.2268201432e-01 2.2640148133e-01 -8.7754332316e-01
-1.1800958524e-01 9.7379913894e-01 1.9439386509e-01
8.9856199149e-01 2.1391733128e-02 4.3832492650e-01
4.8987875593e+00 -7.1698255940e-01 -6.6334005828e+02
5.2743169871e+03 8.0337866850e-02 -6.1810182611e-03
7.8670592102e-01 1.3190431429e-01 -6.0307134379e-01
-1.1814991187e-02 9.7994417544e-01 1.9892164038e-01
6.1721487329e-01 -1.4936754970e-01 7.7248633340e-01
1.0096421139e+01 -2.0680818556e-01 -5.0245534944e+01
1.6686254018e+03 -1.8376068646e+00 5.8389214088e-03
-2.2593800881e-01 1.4813454874e-01 -9.6281263580e-01
-7.2339979453e-02 9.8308982914e-01 1.6822994745e-01
9.7145197697e-01 1.0765938564e-01 -2.1140130826e-01
4.3705958243e+00 4.1994014457e-01 -1.1507956141e+01
0 0 0
0 0 0
0 0 0
0 0 0
0 0 0
0 0 0
0 0 0
0 0 0
0 0 0
0 0 0
5.6946662633e+03 -6.2044944592e+00 -1.1554371388e+00
-9.6885076558e-01 1.9815017506e-01 -1.4854192055e-01
4.4554886670e-02 7.2950145323e-01 6.8252655026e-01
2.4360430232e-01 6.5464810231e-01 -7.1560660004e-01
-4.9771199122e+00 1.6579087733e+00 -6.0447813415e+01
2.6601844814e+03 -1.7890722028e-01 7.1852091528e-02
-9.4494751705e-01 4.6906512736e-02 -3.2384250660e-01
-1.0752708471e-01 8.9020133908e-01 4.4269572165e-01
3.0905034553e-01 4.5314606362e-01 -8.3614982447e-01
-1.0669214523e+01 3.4343419407e-02 -3.4813627358e+01
8.1463947146e+03 -3.0827428396e-01 -1.6395989032e-20
7.5151936987e-01 -3.2393775616e-01 5.7470250291e-01
-9.4228733747e-02 -9.1491887886e-01 -3.9248489250e-01
6.5294684504e-01 2.4080650997e-01 -7.1810350390e-01
5.7000233557e+00 -1.4749671925e+00 9.6261348445e+01
4.7365579879e+03 -1.0935472890e-03 5.0673683107e-03
-8.8387727470e-01 8.4457340360e-02 -4.6003034783e-01
-1.3348765373e-01 8.9710208796e-01 4.2117560479e-01
4.4826555697e-01 4.3367591751e-01 -7.8165413644e-01
-9.2052087298e+00 1.8274442928e-02 -5.2544819535e+01
5.3909656107e+02 -2.7281338687e-01 5.4456088654e-03
-9.7446553375e-01 1.2935416934e-01 -1.8353316432e-01
-1.6459242067e-01 1.4447201723e-01 9.7572392166e-01
1.5272936387e-01 9.8101749990e-01 -1.1949228552e-01
-4.6874338437e+01 -2.8986652692e+01 3.4079039943e+01
1.6638688704e+03 -1.2606838218e-01 1.3116627722e-01
-4.4993005594e-01 2.3557712025e-01 -8.6143273979e-01
-2.7928904109e-01 8.7908307274e-01 3.8627785693e-01
8.4826916500e-01 4.1438674163e-01 -3.2973178808e-01
-6.1180479740e+00 7.4475594761e+00 -6.0773350709e+01
1.6644968452e+03 -1.1290899700e-01 1.1053831878e-01
-1.8574629688e-01 2.6346853811e-01 -9.4661641789e-01
-2.9453049218e-01 9.0415510848e-01 3.0944357964e-01
9.3741671756e-01 3.3628539848e-01 -9.0343945002e-02
6.8085331964e+00 1.3241157961e+01 -8.9091651978e+01
1.6733856566e+03 -6.2467297659e-02 2.1967647637e-01
-8.7524318905e-02 2.7001127070e-01 -9.5887090231e-01
-3.0215731996e-01 9.1002094094e-01 2.8383594037e-01
9.4923150369e-01 3.1457240939e-01 1.9369188665e-03
1.5418313575e+01 1.9977303600e+01 -1.1161176300e+02
1.6664347453e+03 -1.4013648049e-01 1.6401272148e-01
3.3226825987e-02 2.5149656830e-01 -9.6728767911e-01
-3.2826472430e-01 9.1687609466e-01 2.2711340301e-01
9.4400119111e-01 3.0998016579e-01 1.1302233411e-01
1.0556819909e+01 1.7284504385e+01 -7.6877653649e+01
-2.2421266208e+01 -2.0532398130e+00 -2.2761070597e+00
23 22 25
9 18 269 -404.3000 185.7900 19 247 -405.0100 130.4300 17 345 -436.5900 199.6500 20 137 -348.2700 137.6300 16 475 -420.7900 193.7200 21 164 -275.6900 123.5600 87 250 -406.2100 -202.9100 89 112 -182.8800 -172.4200 90 91 -87.3700 -204.4300
-3.7772365905e+01 3.2031173993e+01 -1.0109510263e+02
192 190 175
5 18 967 -503.0700 519.9900 19 941 -720.0200 465.7700 17 852 -319.3000 519.7200 16 1168 -83.0900 496.4900 12 832 708.6500 587.0300
-2.0021307599e+01 2.2115089897e+01 -6.6696148399e+01
130 128 100
13 18 2250 -275.9500 516.8800 19 2153 -456.3900 466.3000 17 1916 -128.7800 517.4600 20 1440 -628.2000 475.5500 16 1709 73.1900 487.2300 15 1632 248.5100 513.1300 14 1795 300.5100 503.9200 13 1789 565.8900 530.1200 86 547 -30.2000 502.7700 12 1246 771.8700 574.6300 87 602 714.1600 413.8000 89 452 -2.5600 453.1400 74 1426 -600.9100 292.3700
-7.1222008941e+00 -3.5372999388e+00 4.6786282375e+00
214 232 217
17 18 6644 480.2200 156.9200 19 3151 507.5100 138.1000 17 5451 347.6200 161.9300 20 6197 571.6400 158.6000 88 758 193.9500 -139.4000 16 4193 242.9200 113.9600 91 1148 420.2400 -173.3400 21 5906 584.0100 152.7300 14 3711 -40.8900 104.3700 13 4001 -80.6000 130.0000 86 1192 14.3800 -230.1900 12 3806 -187.5000 136.8900 87 678 766.5300 -328.1300 85 2748 41.7300 -109.5600 84 977 -249.5500 -266.8600 49 269 498.6400 123.8200 93 1612 528.8700 -142.8400
-3.6885153604e+01 3.3181683982e+01 -9.9948010044e+01
187 187 172
5 18 975 -494.1800 539.3300 19 953 -710.8400 485.8300 17 1260 -310.9100 538.2600 15 1095 122.7600 540.9200 13 1231 490.9800 559.4800
-3.6885153604e+01 3.3181683982e+01 -9.9948010044e+01
187 187 172
5 18 976 -494.1800 539.3300 19 954 -710.8400 485.8300 17 1261 -310.9100 538.2600 15 1096 122.7600 540.9200 13 1232 490.9800 559.4800
-2.0016793735e+01 2.2102486429e+01 -6.6652409830e+01
130 128 100
11 18 2251 -275.9500 516.8800 19 2154 -456.3900 466.3000 17 1917 -128.7800 517.4600 16 1710 73.1900 487.2300 15 1634 248.5100 513.1300 14 1797 300.5100 503.9200 13 1791 565.8900 530.1200 86 548 -30.2000 502.7700 87 603 714.1600 413.8000 89 453 -2.5600 453.1400 74 1427 -600.9100 292.3700
-2.0232947057e+01 2.2236115872e+01 -6.6650411965e+01
253 242 218
10 18 4028 -279.7600 518.8700 19 3581 -460.3400 468.3900 17 3246 -132.4000 519.5000 20 3788 -632.4000 477.7200 16 2716 69.7700 489.2300 15 2651 245.1899 515.2000 13 2897 562.1899 532.1700 86 1131 -38.3000 508.2100 87 1242 706.0699 419.1400 89 634 -11.0900 459.1400
-2.3556064213e+01 -2.4910901169e+00 -2.8286354479e+00
181 191 195
8 18 403 -457.7700 159.7200 19 356 -463.8800 100.6100 17 479 -481.0600 176.5100 21 232 -344.2700 89.1800 89 200 -289.6000 -217.2700 22 248 -286.4400 143.2700 23 204 -182.3300 109.4300 90 134 -191.3800 -263.5500
-1.1667131942e+01 -3.2745428170e+00 2.6226608598e+00
149 164 172
17 18 95 190.8500 158.6000 19 89 224.9399 127.7100 17 138 79.2200 166.3600 88 47 -316.2100 -144.5400 16 212 4.5600 132.7000 91 58 16.2100 -212.7300 15 295 -31.1700 150.8500 21 168 352.9500 136.8800 14 309 -214.0800 133.1200 86 89 -384.8200 -211.1100 87 111 357.6500 -301.2300 85 320 -178.5900 -84.1500 22 182 334.7200 223.0700 23 216 340.7100 212.8300 49 11 -507.9100 22.5800 24 164 303.9200 218.6200 93 91 249.3700 -196.1100
-9.1545636576e+00 -3.1643342324e+00 3.7905939078e+00
221 228 232
11 18 172 349.1000 171.2000 19 147 380.6400 145.7500 17 220 223.4800 178.7400 88 84 -36.9500 -116.2400 16 214 131.6400 138.8900 91 144 240.0900 -174.2400 15 217 80.5500 156.0100 14 310 -123.1000 137.9100 86 128 -168.0000 -191.6700 87 151 577.1300 -285.5100 49 38 46.4100 127.7300
-2.2856721178e+01 -1.7509928295e+00 -2.4037541586e+00
75 73 72
6 18 273 -426.3900 199.9700 19 253 -429.2000 143.3100 20 141 -375.7700 150.8600 21 169 -303.2200 136.8200 89 115 -222.3100 -144.3400 90 94 -131.4200 -185.1800
-1.0047757601e+01 -3.5402685262e+00 3.2897795583e+00
212 209 200
10 18 256 291.5900 145.7700 19 244 324.5400 118.6100 17 216 170.6500 154.5500 20 214 399.6200 136.1900 16 207 84.5600 118.0300 15 288 38.8600 135.7000 14 424 -155.5600 116.5100 87 145 498.4000 -322.2400 49 32 -148.6500 21.6100 50 25 -269.6700 -436.5300
-1.1322315980e+01 -3.2728736405e+00 2.8118281877e+00
66 68 72
13 18 402 213.8800 159.1400 19 369 247.9600 129.0800 17 335 98.2800 167.1900 20 526 327.2400 146.7000 16 316 20.3900 133.4500 91 283 48.8500 -208.0800 15 403 -18.3600 152.7800 21 577 372.9500 139.2500 14 429 -203.4900 135.0400 86 203 -354.9700 -209.5700 87 232 387.7500 -300.5300 22 968 351.0601 225.8000 49 51 -432.2300 33.2900
-3.2347723301e+01 3.3930509812e+01 -9.7774453971e+01
247 245 233
5 18 700 -437.8000 557.5000 19 458 -650.3000 504.8900 17 610 -258.7600 556.6700 15 509 172.2600 558.0300 14 553 248.7600 549.1100
-2.2644098093e+01 -3.5224009203e+00 -2.6978761980e+00
204 208 212
9 18 790 -410.5900 110.1000 19 534 -410.8400 51.0000 20 506 -356.3700 53.7900 21 551 -286.3000 37.7200 89 273 -207.9200 -315.2700 22 600 -230.8100 96.1500 23 528 -132.3200 66.6100 24 379 -85.2900 86.5300 90 233 -98.0400 -343.2300
-8.9724531232e+00 -3.9157588402e+00 3.7407938758e+00
162 170 181
11 18 569 359.7200 129.1300 19 548 391.9100 106.0600 17 469 233.9600 136.4700 20 518 463.4500 125.8000 88 255 -16.6100 -193.4700 16 636 139.7600 95.2000 91 389 259.4399 -232.3200 15 565 87.3600 110.2400 14 623 -116.6300 90.2600 49 83 98.2600 -17.6600 50 70 -7.9100 -402.3200
-2.3116348923e+01 -1.7378865119e+00 -2.4629915406e+00
253 254 251
7 18 413 -439.2500 198.7600 19 376 -442.8600 141.0500 17 492 -466.6100 213.2900 16 481 -444.6600 207.8300 15 418 -407.9200 238.9100 14 667 -506.4100 226.0500 85 459 -612.7700 36.7200
-3.4569833997e+01 3.6206993880e+01 -9.7734554384e+01
190 187 179
6 18 706 -468.8200 587.4200 19 686 -684.6800 536.0400 17 614 -287.5100 584.4600 16 832 -50.3200 558.2300 15 753 147.5000 585.8300 14 802 224.5200 576.9200
-7.4387617955e+00 -2.6602260276e+00 4.9310963891e+00
221 230 231
12 18 585 467.5699 208.4600 19 560 495.5000 187.1600 17 490 332.3900 212.9100 20 530 563.3800 205.9400 88 128 168.7500 -49.8600 16 467 228.1300 165.7300 91 215 402.6700 -101.6300 15 581 163.3400 180.7200 21 904 579.0601 196.8400 14 965 -60.0500 161.6200 85 878 17.0300 -29.2200 50 74 276.2500 1.0200
-2.1089931156e+01 -2.4851429608e+00 -1.5264389548e+00
121 137 146
8 18 582 -337.7800 169.6400 19 551 -328.9600 116.2800 17 715 -383.1000 183.9800 16 960 -380.5500 175.5500 15 1393 -356.8700 205.0900 14 1519 -468.2500 191.2300 87 359 -328.9800 -234.1000 89 275 -57.6800 -208.1700
-4.2881010938e+00 2.6411387752e+01 -8.2490650762e+01
144 140 140
10 18 2252 -44.4000 518.5800 19 2158 -232.5400 471.5000 17 1920 112.5700 521.4100 20 2258 -407.8800 477.2700 16 1707 329.5900 483.3800 15 2647 526.3400 508.5900 14 1792 598.8600 500.8500 86 550 606.6400 505.3400 89 451 547.6500 435.9500 74 1000 -334.0200 503.8600
-5.1081837610e+00 -1.4788880356e+00 5.1119230407e+00
239 243 243
7 18 3473 596.6100 282.0600 19 5783 606.3101 261.4200 17 2842 468.1200 285.1600 16 2379 369.3000 231.1400 15 2359 308.0800 243.0400 14 2396 77.2700 223.2500 86 1235 221.4700 -23.6200
7.3070304239e+00 2.5096657242e+01 -7.5338987167e+01
236 237 221
5 18 332 143.9900 528.1500 19 306 -41.7400 484.2400 17 281 296.7700 531.8400 16 269 514.2700 488.0200 15 184 720.3500 513.2000
-9.7815350396e+00 -3.8994899009e+00 3.2247395422e+00
8 9 11
9 18 157 306.0500 127.1300 19 134 338.2800 101.6700 17 130 185.8500 135.1300 20 130 411.6000 120.9800 88 43 -110.1400 -199.6700 16 201 98.3600 97.0600 91 85 181.1000 -244.7300 15 211 51.6100 113.6000 49 26 -92.8000 -44.9300
-9.7802737176e+00 -3.8985468822e+00 3.2153225932e+00
8 9 11
9 18 158 306.0500 127.1300 19 135 338.2800 101.6700 17 131 185.8500 135.1300 88 44 -110.1400 -199.6700 16 202 98.3600 97.0600 15 212 51.6100 113.6000 86 122 -221.6000 -270.0600 87 143 522.1801 -363.8300 49 27 -92.8000 -44.9300
-8.5248388393e+00 -3.3093979279e+00 3.9854969881e+00
16 17 17
10 18 168 387.1400 165.7000 19 146 417.1100 142.5400 17 139 260.2700 171.7600 20 142 487.3300 161.4000 88 83 31.5400 -127.8500 16 211 165.5500 128.0000 91 89 291.9600 -175.6500 15 214 111.9300 141.5800 87 110 635.8101 -306.2800 49 37 180.3400 121.5800
-2.2775912982e+01 -3.2796053849e+00 -2.7149965254e+00
18 20 22
4 18 250 -417.6000 122.5700 19 223 -418.8700 63.8000 17 320 -446.5600 141.9000 89 101 -219.2800 -291.9200
-2.3555186510e+01 -3.2490144527e+00 -3.0889683552e+00
249 250 252
7 18 392 -454.0100 121.9900 19 348 -459.6700 60.9000 17 321 -476.8200 142.0000 16 460 -454.2300 142.5800 21 336 -342.8200 44.5800 89 193 -291.7200 -289.8700 90 178 -190.9900 -334.5900
-2.3493235302e+01 -2.0419915419e+00 -2.6918949284e+00
225 232 236
3 18 409 -456.1800 182.9300 19 368 -462.1700 124.8900 20 212 -411.0900 130.2200
-2.8736214081e+01 2.9529105416e+01 -9.6547202749e+01
163 165 155
3 18 324 -389.1700 505.7200 19 300 -595.0200 452.0100 15 358 208.9500 506.2400
7.2837761537e+00 2.6871667648e+01 -7.4408028523e+01
182 180 175
6 18 699 145.4400 558.6600 19 681 -40.5800 515.0000 17 611 298.4800 562.8000 20 663 -207.9600 518.8700 16 576 517.5100 519.6200 15 367 724.5000 546.7600
-2.2443700790e+01 -2.6618210738e+00 -2.3627558944e+00
254 255 252
5 18 260 -403.4200 154.2300 19 235 -403.0600 97.1000 17 337 -436.0700 171.7500 16 324 -421.3400 167.8500 15 412 -388.7700 199.4600
-2.2653602388e+01 -3.5170006988e+00 -2.6925859280e+00
204 208 212
7 18 791 -410.5900 110.1000 19 535 -410.8400 51.0000 20 507 -356.3700 53.7900 21 552 -286.3000 37.7200 22 601 -230.8100 96.1500 23 529 -132.3200 66.6100 24 380 -85.2900 86.5300
-9.2146885521e+00 -3.9905683374e+00 3.6207404578e+00
162 169 181
10 18 567 344.6100 124.2500 19 543 377.2700 100.4700 17 467 219.9800 131.8200 20 807 449.7000 119.9400 88 253 -43.6100 -202.7200 16 635 127.0600 91.3100 91 385 239.1400 -242.4700 15 563 75.9200 106.7800 49 81 46.1700 -40.3900 50 91 -54.5300 -443.5900
-1.2166669371e+01 -3.6371823802e+00 2.0093372503e+00
67 68 68
4 18 794 157.4700 134.9700 19 802 188.6400 102.5800 16 452 -18.1700 114.2800 15 569 -48.2400 134.7400
-2.2992119573e+01 -3.4428541597e+00 -2.8870405341e+00
251 251 250
8 18 249 -427.0900 113.6900 19 221 -429.4000 52.8900 17 319 -454.0000 134.5200 20 200 -377.0800 53.8000 16 457 -435.7400 134.4900 15 574 -399.5000 167.4300 87 227 -441.3900 -316.0500 89 146 -239.9900 -309.4400
-2.2364322285e+01 -3.0125349299e+00 -2.4963722301e+00
43 44 46
8 18 254 -398.0500 136.8100 19 226 -397.6100 79.0800 17 328 -430.7400 154.6800 20 122 -342.3000 83.3300 16 462 -416.6600 151.8400 15 584 -384.7200 184.2400 87 234 -402.4100 -281.2400 89 103 -179.8500 -265.6000
-2.2144042749e+01 -2.2361756694e+00 -2.1453361591e+00
173 182 190
9 18 406 -390.4400 177.9000 19 366 -388.5700 122.4400 17 485 -425.3200 192.3900 20 211 -330.4000 129.3300 16 658 -412.2200 185.9300 15 599 -381.1800 216.0700 21 238 -256.9500 115.1900 87 364 -390.6900 -216.3400 89 155 -157.2200 -189.0100
-2.3669922561e+01 -2.2088483207e+00 -2.8525598945e+00
26 26 30
10 18 267 -463.4800 173.7300 19 239 -470.8100 115.2700 17 339 -485.7600 189.0800 20 131 -421.4600 120.4200 16 470 -460.5200 186.3300 15 600 -421.0700 218.0200 21 161 -352.5800 105.2700 87 246 -484.4600 -217.4900 89 110 -298.6300 -190.1900 90 88 -206.9300 -239.3100
-2.3666052418e+01 -2.2153930601e+00 -2.8371079987e+00
26 26 30
8 18 268 -463.4800 173.7300 19 240 -470.8100 115.2700 17 340 -485.7600 189.0800 20 132 -421.4600 120.4200 16 471 -460.5200 186.3300 15 601 -421.0700 218.0200 87 247 -484.4600 -217.4900 89 111 -298.6300 -190.1900
-2.2613229900e+01 -1.7767653322e+00 -2.2121899663e+00
213 221 225
6 18 805 -414.8500 199.5000 19 810 -415.8400 143.8400 20 822 -359.1600 151.7500 21 895 -285.8000 137.9300 89 351 -200.1100 -145.5600 90 311 -104.6600 -181.4200
-2.4609688132e+01 -5.6523353391e+00 4.5957644978e+01
77 67 78
2 18 1915 313.9399 180.0500 19 3150 -469.0200 136.5600
-1.7115496911e+01 -4.2886201815e-01 9.6892014483e-01
253 255 255
12 18 1210 -129.1500 298.9100 19 1196 -103.7200 255.7600 17 1036 -210.4100 304.0800 20 1232 -19.7700 270.2800 16 979 -239.1200 280.9000 91 595 -491.0600 -31.3300 15 910 -241.1900 305.3600 87 496 -63.7600 -38.8600 89 352 349.1200 13.9900 22 2461 81.5800 324.2500 90 384 432.9000 38.7100 93 852 -122.8800 -14.4500
-3.6157414639e+01 3.4131199469e+01 -9.9767027274e+01
204 198 187
5 18 1417 -485.4700 551.7100 19 1404 -701.5000 498.9399 17 1266 -302.5800 550.6801 16 1197 -66.5900 525.2700 15 1676 132.2000 554.2200
-2.3911580831e+01 -2.3736048933e+00 -2.9932657799e+00
252 251 249
7 18 1912 -474.5300 164.9600 19 1857 -482.6700 104.7000 20 1213 -435.2100 109.2200 15 2342 -425.8800 212.0400 21 3372 -366.4200 91.7300 87 956 -499.0400 -228.9600 89 662 -322.0700 -206.7600
-2.1532977429e+01 2.6397218445e+01 -6.6356187510e+01
94 90 81
5 18 7527 -305.0400 590.9399 19 3601 -489.7000 541.5500 17 6381 -155.4900 588.9100 16 4900 51.4300 558.0400 15 4722 228.7200 585.5601
-2.0371659820e+01 -3.3648906869e+00 -2.2959592838e+00
10 12 11
5 18 6 -295.8100 123.8600 19 6 -289.2400 71.2900 17 10 -342.7300 139.3400 20 4 -234.4500 78.0600 16 11 -339.3900 132.3500
-9.0540163883e+00 -3.6052778103e+00 3.6814572051e+00
166 177 183
4 18 23 353.5000 146.9400 19 21 384.3900 123.4900 17 19 229.4200 153.3100 16 20 135.9700 111.3000
-9.1546703770e+00 -3.7757081642e+00 3.7139121328e+00
161 173 189
10 18 162 349.7900 136.2100 19 138 381.4200 112.5000 17 135 223.5900 143.8600 20 133 454.3700 132.0000 88 46 -36.4500 -180.2100 16 135 130.3500 103.0700 91 86 244.1000 -223.2800 22 265 443.0300 219.1600 49 10 57.6100 5.6400 50 12 -47.5700 -389.8500
-9.2227283901e+00 -4.2444474199e+00 3.5113595408e+00
158 167 175
9 18 248 342.2500 109.6900 19 232 375.0800 86.0500 17 211 218.5000 116.9900 20 206 447.0800 106.5600 88 75 -46.1400 -232.2600 16 199 126.0400 77.3400 91 136 236.7000 -265.2100 86 119 -175.2200 -302.5300 49 24 42.9700 -93.7300
-9.6253539121e+00 -3.6880373721e+00 3.4722130805e+00
169 181 189
10 18 163 318.0400 140.4300 19 140 351.3400 115.3000 17 213 194.5500 148.2600 20 135 425.0400 134.6000 88 79 -89.8300 -175.0700 16 204 105.4200 109.3100 91 138 202.0000 -222.3400 86 123 -209.8000 -248.3900 87 144 534.0699 -342.7100 49 28 -51.0800 6.4600
1.0058002403e+01 1.5563252558e+01 -5.0445105332e+01
250 247 236
5 18 315 316.2200 476.6600 19 443 149.7400 437.1200 17 266 444.0300 481.3101 88 97 132.6800 428.8700 16 261 634.6600 431.3800
9.9713544465e+00 1.6420438562e+01 -5.0417314474e+01
252 253 245
5 18 320 313.8400 492.5800 19 449 146.4600 453.0701 17 271 442.0200 497.2500 88 101 127.8400 469.1200 16 264 633.3900 446.4700
-9.0517851236e+00 -4.0793569957e+00 3.6800811543e+00
125 129 126
8 18 388 355.0000 119.4100 19 355 387.1200 96.2500 17 314 229.4800 126.9900 88 110 -25.0700 -211.3400 16 294 135.6400 86.4200 91 202 253.3400 -248.2600 49 46 82.8800 -53.1600 50 47 -15.3000 -444.2800
-8.8552234950e+00 -3.7966634455e+00 3.8436714870e+00
98 98 96
9 18 397 368.1600 136.4500 19 358 400.0000 113.5800 17 322 241.5800 143.6600 20 336 471.5900 133.2700 88 115 -2.3600 -179.5900 16 302 146.7000 102.0100 91 204 270.2100 -220.3700 49 50 124.6800 11.8300 50 49 15.1200 -365.9900
-9.4039172813e+00 -3.5699346124e+00 3.6457569240e+00
132 137 135
10 18 399 333.5400 147.5000 19 364 366.6899 123.1600 17 326 209.0300 155.3400 20 340 440.4100 142.0100 88 118 -63.9600 -160.0000 16 305 117.7900 115.3600 91 208 222.0100 -208.5300 21 362 471.9000 136.0800 49 53 0.0200 39.3800 50 50 -110.8300 -371.9800
-9.4020173315e+00 -3.5702243316e+00 3.6373708922e+00
132 137 135
8 18 400 333.5400 147.5000 19 365 366.6899 123.1600 17 327 209.0300 155.3400 20 341 440.4100 142.0100 88 119 -63.9600 -160.0000 16 306 117.7900 115.3600 91 209 222.0100 -208.5300 49 54 0.0200 39.3800
-8.7294377890e+00 -3.4723700876e+00 3.9470308280e+00
237 238 240
7 18 580 376.3600 155.6600 19 807 407.5500 131.8700 17 477 249.2700 162.8600 88 185 10.2100 -143.6100 16 310 154.3700 121.0900 91 587 279.0800 -191.5500 49 89 146.9100 81.5700
-9.0732634254e+00 -3.4736723905e+00 3.8202576527e+00
121 125 125
8 18 401 354.6700 154.6300 19 370 387.2200 130.4200 17 329 228.7400 161.8500 20 342 460.1300 149.5200 88 121 -26.7400 -146.8200 16 311 135.2300 120.9300 91 210 250.9000 -195.4800 49 55 73.2900 70.8000
-2.3746571878e+01 -3.6570826069e+00 -3.0720607748e+00
129 122 116
4 18 387 -463.0200 101.1500 19 217 -467.9800 38.7700 17 313 -485.3000 122.9800 16 454 -462.3400 124.9400
1.3076100868e+01 1.3223677709e+01 -4.5741860539e+01
211 209 122
5 18 923 409.1600 451.5900 19 903 244.2700 415.1700 17 813 533.4000 456.5300 88 222 337.9200 371.7800 16 524 721.5800 402.7700
-8.7065208305e+00 -4.8614219583e+00 3.5713164875e+00
46 49 55
13 18 559 372.8900 75.3300 19 536 404.6000 54.0800 17 462 248.3400 83.2000 20 508 473.4399 75.2900 88 251 9.9900 -292.4500 16 630 152.5100 42.2600 91 279 281.8500 -312.4900 21 878 498.6801 74.0300 22 954 455.6801 171.8600 23 1241 438.1899 170.9600 49 79 156.1500 -196.7300 50 62 71.8100 -567.2600 93 327 432.7100 -287.2000
-8.1464569351e+00 -3.7496237378e+00 4.1036300275e+00
41 48 54
5 18 574 411.9399 140.2400 19 552 441.5000 118.2500 17 703 283.7000 147.6000 88 258 75.8700 -170.1900 16 637 185.3500 103.7000
