# Bundle file v0.3
110 6916
0 0 0
0 0 0
0 0 0
0 0 0
0 0 0
0 0 0
0 0 0
0 0 0
0 0 0
0 0 0
1.6533569830e+03 -1.2496712404e-01 1.4417669756e-01
-6.5734702563e-01 1.2795138266e-01 -7.4264616849e-01
-2.8684642357e-01 8.6881268397e-01 4.0358846547e-01
6.9686011307e-01 4.7832307476e-01 -5.3440903712e-01
-1.1423104970e+01 4.8880309120e+00 -3.6978828441e+01
1.6607763473e+03 -1.2934498420e-01 1.3244910747e-01
-5.0216898351e-01 1.4911493624e-01 -8.5181632280e-01
-2.9423425871e-01 8.9678932587e-01 3.3044682782e-01
8.1317434355e-01 4.1657369192e-01 -4.0646506146e-01
-9.6844382886e+00 4.1462544253e+00 -3.8599882597e+01
1.6643828536e+03 -1.4410994862e-01 1.6517402685e-01
-3.4198063205e-01 1.8053009748e-01 -9.2220286879e-01
-3.2267242255e-01 8.9914409951e-01 2.9567278542e-01
8.8257110480e-01 3.9868379980e-01 -2.4923778356e-01
-8.6661608822e+00 6.1682770858e+00 -4.2182013402e+01
1.6638870710e+03 -1.5534960047e-01 2.0572686554e-01
-2.0184667305e-01 1.8852894707e-01 -9.6110080465e-01
-3.2993927577e-01 9.1085314375e-01 2.4796496694e-01
9.2217026350e-01 3.6715580704e-01 -1.2164957245e-01
-7.7586794772e+00 5.9130144158e+00 -3.8609163913e+01
1.6626560622e+03 -1.4778841068e-01 1.6706304011e-01
-9.5138482410e-02 2.1298060505e-01 -9.7241345684e-01
-3.2499496788e-01 9.1667331155e-01 2.3256893760e-01
9.4091813672e-01 3.3815573595e-01 -1.7993282829e-02
-5.8608484472e+00 4.8537831976e+00 -3.4245582733e+01
1.6638094873e+03 -1.5882606282e-01 1.9438745822e-01
-2.6159370710e-02 2.2211627748e-01 -9.7466919855e-01
-3.1458885104e-01 9.2363609256e-01 2.1892972233e-01
9.4886750504e-01 3.1234712708e-01 4.5713565583e-02
-2.5554258322e+00 4.1530073270e+00 -3.1833270255e+01
1.6634171185e+03 -1.5873407211e-01 1.9372508974e-01
9.7215293463e-02 2.4287479996e-01 -9.6517408702e-01
-3.2033530070e-01 9.2579924011e-01 2.0070142536e-01
9.4230275487e-01 2.8966808343e-01 1.6780321689e-01
-4.8014627766e-01 3.7568858746e+00 -2.8815314970e+01
1.6637471222e+03 -1.5761929740e-01 1.8675319249e-01
2.4532848351e-01 2.0662133773e-01 -9.4716501095e-01
-2.7643392787e-01 9.5137006158e-01 1.3593855030e-01
9.2919223991e-01 2.2847894592e-01 2.9051532243e-01
1.2436431265e+00 2.4952327737e+00 -2.6653240327e+01
1.6647864632e+03 -1.6110826974e-01 1.9583836471e-01
3.9421302989e-01 1.9974835486e-01 -8.9704887369e-01
-2.6723855111e-01 9.5882996591e-01 9.6065879877e-02
8.7930634245e-01 2.0185561971e-01 4.3136372695e-01
3.3047427796e+00 2.6816500413e+00 -2.5315425965e+01
1.6656783388e+03 -1.6322856603e-01 2.0960819326e-01
5.7575975636e-01 2.1436785623e-01 -7.8901655570e-01
-2.7905546276e-01 9.5859317243e-01 5.6808260605e-02
7.6852374827e-01 1.8747146979e-01 6.1173989273e-01
4.0270971522e+00 3.3808034467e+00 -2.4490213818e+01
1.6640484871e+03 -1.3818276547e-01 1.5131185176e-01
7.1598773299e-01 1.6500788656e-01 -6.7833175038e-01
-2.2317724509e-01 9.7477664338e-01 1.5533166871e-03
6.6147825624e-01 1.5027605561e-01 7.3475412461e-01
5.7784161775e+00 4.0999735027e+00 -2.5470647613e+01
1.6722655959e+03 -1.7420685247e-01 2.2892574306e-01
8.1504644421e-01 1.4528392454e-01 -5.6088490357e-01
-1.7690419797e-01 9.8422577744e-01 -2.1269139749e-03
5.5172837386e-01 1.0095642769e-01 8.2789105635e-01
7.5931758781e+00 4.4135211749e+00 -2.7590870171e+01
1.6664403593e+03 -1.4523626732e-01 1.5803745265e-01
9.1649041561e-01 1.0265047039e-01 -3.8666290102e-01
-1.1728217416e-01 9.9299464968e-01 -1.4370710618e-02
3.8247903174e-01 5.8519284246e-02 9.2210914953e-01
8.0350851118e+00 4.4709513660e+00 -2.8919827006e+01
1.6674650451e+03 -1.5151867207e-01 1.7977513894e-01
9.4803852027e-01 8.8759517358e-02 -3.0552366873e-01
-1.0136986503e-01 9.9451869113e-01 -2.5626616241e-02
3.0157439305e-01 5.5265912402e-02 9.5183956862e-01
1.1543897123e+01 5.0338722819e+00 -3.0126860688e+01
1.6671843012e+03 -1.5473942306e-01 1.9866545226e-01
9.8527571541e-01 5.3633772634e-02 -1.6234279489e-01
-5.7534207905e-02 9.9815468941e-01 -1.9417284219e-02
1.6100179980e-01 2.8471642713e-02 9.8654335233e-01
1.2167014042e+01 5.1720673709e+00 -3.1989431390e+01
1.6640000993e+03 -1.4012755443e-01 1.5984878006e-01
9.9984153541e-01 -1.6785706363e-02 5.9282489074e-03
1.7011940352e-02 9.9903742842e-01 -4.0432789917e-02
-5.2438496045e-03 4.0527233768e-02 9.9916467380e-01
1.3036946803e+01 6.6326857487e+00 -3.3053389319e+01
1.6632499069e+03 -1.3748906074e-01 1.5118503515e-01
9.8818231904e-01 -4.1165996715e-02 1.4765183727e-01
4.6820793625e-02 9.9828896921e-01 -3.5027806575e-02
-1.4595724586e-01 4.1527035333e-02 9.8841893331e-01
1.4406244315e+01 6.7005206529e+00 -3.3571044045e+01
1.6654317800e+03 -1.6302988403e-01 2.1272851812e-01
9.5369878739e-01 -8.9929051850e-02 2.8700416124e-01
9.3348368080e-02 9.9563192215e-01 1.7770101512e-03
-2.8591030956e-01 2.5096637658e-02 9.5792768707e-01
1.4143725965e+01 6.6191707670e+00 -3.5595205591e+01
1.6603750215e+03 -1.4813220738e-01 1.6885538836e-01
8.9811165573e-01 -1.1269923903e-01 4.2508156319e-01
1.1859144920e-01 9.9286227591e-01 1.2671592070e-02
-4.2347552706e-01 3.9030534073e-02 9.0506634861e-01
1.4557044936e+01 7.2130469731e+00 -3.7255078656e+01
1.6514862891e+03 -1.4319264862e-01 1.5188681031e-01
8.0448365188e-01 -1.3196348899e-01 5.7913011615e-01
1.3410171950e-01 9.9018620066e-01 3.9344845185e-02
-5.7863873245e-01 4.6010059650e-02 8.1428514153e-01
1.4192978610e+01 7.3065364420e+00 -4.0154084385e+01
1.6422549589e+03 -1.1694517176e-01 7.0578156482e-02
6.7746639717e-01 -1.9149248068e-01 7.1019005242e-01
2.0824352560e-01 9.7594780933e-01 6.4501996116e-02
-7.0546007311e-01 1.0419454544e-01 7.0104891551e-01
1.2363374769e+01 1.0079782740e+01 -4.3652136203e+01
0 0 0
0 0 0
0 0 0
0 0 0
0 0 0
0 0 0
0 0 0
0 0 0
0 0 0
0 0 0
0 0 0
0 0 0
0 0 0
0 0 0
0 0 0
9.0040581893e+02 -3.2926997280e-01 3.2362958200e-01
1.5685207096e-01 2.6562663923e-01 -9.5123073771e-01
-2.5483825441e-01 9.4142207014e-01 2.2086636217e-01
9.5417759978e-01 2.0776663443e-01 2.1535583042e-01
-4.1456952276e+00 3.0227427805e+00 -1.3663887185e+01
1.3233674969e+03 -1.7087649152e-01 8.7735590503e-02
8.6577226002e-02 2.1489616011e-01 -9.7279187101e-01
-2.4256884221e-01 9.5161906327e-01 1.8863063167e-01
9.6626328748e-01 2.1963788104e-01 1.3451565146e-01
-1.4828968453e+00 3.3760475197e+00 -2.0113487871e+01
1.6086650902e+03 -4.6553382711e-01 -1.0320940791e-01
1.7515813970e-01 2.2484593957e-01 -9.5852174183e-01
-2.1909575764e-01 9.5806189297e-01 1.8470099679e-01
9.5985242359e-01 1.7765616424e-01 2.1707513038e-01
1.7394205575e+00 2.8950231190e+00 -2.3486921262e+01
1.5247462175e+03 -8.1138104111e-02 -9.9567230951e-02
3.0969611495e-01 2.4106761264e-01 -9.1976884189e-01
-1.8750224962e-01 9.6381582882e-01 1.8947811090e-01
9.3216480451e-01 1.1377809218e-01 3.4369073739e-01
3.8261747801e+00 2.8666956783e+00 -2.1647375344e+01
6.6304762187e+03 -1.4336884689e-02 -6.5848846420e-04
5.0044033440e-01 1.9272826997e-01 -8.4404696887e-01
-9.8143009943e-02 9.8125215167e-01 1.6586791262e-01
8.6019034016e-01 -1.6968360027e-04 5.0997308743e-01
4.2355659333e+00 2.8986173977e+00 -9.7540211473e+01
2.1381154429e+03 -1.3379468555e-02 8.0645156794e-03
7.8660172095e-01 1.1618955423e-01 -6.0643030934e-01
-9.4803148195e-02 9.9321671765e-01 6.7326925338e-02
6.1013940677e-01 4.5320271494e-03 7.9228111491e-01
5.5528073326e+00 3.3642654740e+00 -3.1076520451e+01
1.3130322902e+03 -1.0641144238e-01 -9.0675679142e-03
8.4092535727e-01 7.0226343063e-02 -5.3657506860e-01
-8.3070852017e-02 9.9654361536e-01 2.3711108900e-04
5.3473711022e-01 4.4374355392e-02 8.4385255794e-01
7.7513919046e+00 3.0066347214e+00 -1.7998477106e+01
0 0 0
0 0 0
0 0 0
0 0 0
0 0 0
0 0 0
0 0 0
0 0 0
0 0 0
0 0 0
0 0 0
0 0 0
0 0 0
0 0 0
0 0 0
0 0 0
0 0 0
0 0 0
0 0 0
0 0 0
0 0 0
0 0 0
0 0 0
0 0 0
0 0 0
0 0 0
0 0 0
0 0 0
0 0 0
0 0 0
0 0 0
0 0 0
0 0 0
0 0 0
0 0 0
0 0 0
0 0 0
0 0 0
0 0 0
0 0 0
1.6584029244e+03 -1.4737669708e-01 1.7728136422e-01
-6.0657443772e-02 2.3296149156e-01 -9.7059240568e-01
-3.6421485327e-01 9.0017329915e-01 2.3882121379e-01
9.2933751413e-01 3.6799045497e-01 3.0245824191e-02
-3.8492713257e+00 -2.5307371541e+00 -7.4489058362e+00
1.6508999843e+03 -1.3796898309e-01 1.4815557921e-01
3.9089385995e-02 2.0091239634e-01 -9.7882900902e-01
-4.2157187785e-01 8.9144511987e-01 1.6614075378e-01
9.0595208025e-01 4.0615244338e-01 1.1954505859e-01
-3.6976012287e-01 -1.4608815550e+00 -8.7070072128e+00
1.6596585271e+03 -1.5066153371e-01 1.7842047900e-01
1.3479434382e-01 2.0303275390e-01 -9.6984956860e-01
-3.0201166924e-01 9.4062872257e-01 1.5494049801e-01
9.4372635680e-01 2.7202078437e-01 1.8810969235e-01
-9.5470612380e-01 -2.6514505485e+00 -8.2872886967e+00
1.6645873757e+03 -1.7416138417e-01 2.0880932445e-01
3.5041337888e-01 2.5010064094e-01 -9.0258524988e-01
-3.9049618348e-01 9.1494515632e-01 1.0192198791e-01
8.5130675705e-01 3.1674126718e-01 4.1827236948e-01
2.2268029103e+00 -1.3283021942e+00 -8.5497562834e+00
1.6593318239e+03 -1.6130240655e-01 1.9752320351e-01
3.8467925152e-01 1.8755775320e-01 -9.0379420371e-01
-2.8095910471e-01 9.5647054552e-01 7.8905494322e-02
8.7925187229e-01 2.2357590382e-01 4.2063043197e-01
2.3345157954e+00 -2.1384748584e+00 -8.3244325621e+00
1.6572223454e+03 -1.2871385786e-01 1.3693074482e-01
7.3135304604e-01 1.5745038319e-01 -6.6357523980e-01
-2.3751184698e-01 9.7087682057e-01 -3.1405760912e-02
6.3930496994e-01 1.8057567972e-01 7.4745005138e-01
4.9174654160e+00 -7.8691452590e-01 -1.0360812973e+01
0 0 0
0 0 0
0 0 0
0 0 0
0 0 0
0 0 0
0 0 0
0 0 0
0 0 0
0 0 0
0 0 0
0 0 0
0 0 0
0 0 0
0 0 0
0 0 0
0 0 0
0 0 0
0 0 0
0 0 0
0 0 0
0 0 0
0 0 0
0 0 0
0 0 0
0 0 0
0 0 0
0 0 0
0 0 0
0 0 0
0 0 0
0 0 0
0 0 0
0 0 0
0 0 0
0 0 0
0 0 0
0 0 0
0 0 0
0 0 0
0 0 0
0 0 0
0 0 0
0 0 0
0 0 0
1.9922785184e+03 2.5550150443e-02 -1.6543329247e-03
6.6982415614e-01 1.3646914916e-01 -7.2987106477e-01
-2.7443405920e-01 9.5886361882e-01 -7.2570707971e-02
6.8994314766e-01 2.4891109223e-01 6.7972179689e-01
2.2217437580e+00 1.3050075841e+00 -9.9256935994e+00
1.6915064247e+03 -6.1179592896e-02 2.1316294047e-01
8.1334691810e-01 6.4070682885e-02 -5.7824020824e-01
-1.1628380027e-01 9.9176472043e-01 -5.3673243809e-02
5.7003935708e-01 1.1089493632e-01 8.1409916133e-01
5.3759829090e+00 1.7395851313e+00 -9.7483311372e+00
0 0 0
0 0 0
0 0 0
0 0 0
0 0 0
0 0 0
0 0 0
0 0 0
0 0 0
0 0 0
0 0 0
0 0 0
0 0 0
0 0 0
0 0 0
0 0 0
0 0 0
0 0 0
0 0 0
0 0 0
0 0 0
0 0 0
0 0 0
0 0 0
0 0 0
0 0 0
0 0 0
0 0 0
0 0 0
0 0 0
0 0 0
0 0 0
0 0 0
0 0 0
0 0 0
0 0 0
0 0 0
0 0 0
0 0 0
0 0 0
0 0 0
0 0 0
0 0 0
0 0 0
0 0 0
1.6600411373e+03 -1.6292367521e-01 1.9852164276e-01
2.1036815265e-01 2.5947338595e-01 -9.4255970757e-01
-3.4161976531e-01 9.2286555185e-01 1.7780638111e-01
9.1599190843e-01 2.8459222617e-01 2.8278275850e-01
-3.5727717762e+00 -5.4163161693e+00 -9.2957816059e-01
0 0 0
0 0 0
0 0 0
0 0 0
0 0 0
0 0 0
0 0 0
0 0 0
0 0 0
0 0 0
0 0 0
0 0 0
0 0 0
0 0 0
0 0 0
1.6543758449e+03 -1.3442109381e-01 1.4345926289e-01
3.8684013364e-01 2.8157940467e-01 -8.7810463492e-01
-3.4808139128e-01 9.2638265040e-01 1.4371683994e-01
8.5392860126e-01 2.5005644145e-01 4.5637453922e-01
4.5730942741e+00 -4.7367454395e+00 -1.8991805840e+00
1.6691164167e+03 -1.3859712742e-01 1.4632552723e-01
8.0103279640e-01 1.6355421756e-01 -5.7584414298e-01
-2.2478456618e-01 9.7373871659e-01 -3.6122162550e-02
5.5481380471e-01 1.5837591275e-01 8.1676111095e-01
1.1040689152e+01 -4.2386422351e+00 -1.7443253204e+00
0 0 0
0 0 0
0 0 0
0 0 0
0 0 0
1.6853218277e+03 -1.2493646672e-01 1.0474038035e-01
7.8120978958e-01 -6.1325364403e-01 1.1675287041e-01
6.2030716660e-01 7.8359171837e-01 -3.4684837776e-02
-7.0215979192e-02 9.9518777059e-02 9.9255515176e-01
1.2249400308e+01 4.8136886327e+00 -5.5779641181e+00
0 0 0
0 0 0
0 0 0
0 0 0
0 0 0
0 0 0
0 0 0
0 0 0
0 0 0
0 0 0
0 0 0
0 0 0
0 0 0
0 0 0
0 0 0
0 0 0
0 0 0
0 0 0
0 0 0
0 0 0
4.7554428768e+03 7.6757577792e-02 1.3387881044e-03
-3.1881726889e-01 1.7494085566e-01 -9.3153166671e-01
-1.7828439455e-01 9.5420668504e-01 2.4021714528e-01
9.3089753664e-01 2.4266293340e-01 -2.7302834474e-01
-4.4143765384e+00 -5.7296838224e-01 -4.6746473371e+01
4.7426648210e+03 5.4438285212e-02 7.0179012322e-04
-2.0196101828e-01 2.1302731915e-01 -9.5594513880e-01
-1.5482771061e-01 9.5684030446e-01 2.4593700775e-01
9.6707813910e-01 1.9767648583e-01 -1.6026191010e-01
-1.0457131208e+01 -1.5225289294e+00 -4.5839793247e+01
4.7448514202e+03 5.5865099968e-02 -4.0070325332e-03
3.8171354585e-02 2.3772627721e-01 -9.7058186920e-01
-1.4415154212e-01 9.6244032893e-01 2.3006291782e-01
9.8881913442e-01 1.3112905999e-01 7.1006260525e-02
-2.2483776266e+00 -1.2726232667e+00 -4.2935454288e+01
4.7878494396e+03 -6.0331775278e-02 1.1534112986e-04
2.7611863574e-01 2.6941212576e-01 -9.2259178703e-01
-1.7657187029e-01 9.5779096504e-01 2.2684541412e-01
9.4476498327e-01 1.0026751108e-01 3.1203453752e-01
2.2891779580e+00 3.1054488610e-01 -4.1942837361e+01
4.7438764049e+03 8.0450413424e-02 4.3052876947e-04
5.2812714757e-01 1.7911826619e-01 -8.3005925253e-01
-1.3632493407e-01 9.8270556671e-01 1.2532071462e-01
8.3815107728e-01 4.6972501336e-02 5.4341177368e-01
3.2100216394e+00 1.1266486619e-01 -4.0260124495e+01
4.7544391798e+03 7.9637638371e-02 2.3056451106e-03
6.8915640159e-01 6.4601253959e-02 -7.2172718678e-01
-4.2308842351e-02 9.9790609154e-01 4.8922329576e-02
7.2337639995e-01 -3.1796948420e-03 6.9044657544e-01
6.2711747522e+00 6.0519739511e-01 -4.0840880818e+01
4.7549739466e+03 4.0787578398e-02 5.8496267107e-03
8.4890920303e-01 1.3369565605e-01 -5.1134981820e-01
-6.8260581880e-02 9.8710882460e-01 1.4476415774e-01
5.2411225704e-01 -8.7986589637e-02 8.4709190887e-01
9.4215929562e+00 1.0260397761e+00 -5.7214567329e+01
4.7658893565e+03 6.3738669356e-02 1.4384637156e-03
9.8777489219e-01 4.8002311570e-02 -1.4831230711e-01
-2.5991998268e-02 9.8880612754e-01 1.4692466832e-01
1.5370484177e-01 -1.4127356518e-01 9.7796554203e-01
8.0492732538e+00 3.4473430782e-01 -5.1225012454e+01
4.7557513930e+03 9.1947360039e-02 5.6763705473e-03
9.5251198032e-01 7.8190347594e-02 -2.9429100717e-01
-2.9282275564e-02 9.8551095166e-01 1.6706499480e-01
3.0308988055e-01 -1.5051389867e-01 9.4100057950e-01
1.5904412918e+01 -7.0125811963e-01 -4.9287474461e+01
4.7500448089e+03 7.1198484854e-02 1.2313596281e-03
9.6331828376e-01 -4.7658558843e-02 2.6409571358e-01
8.1828584167e-03 9.8886325816e-01 1.4860180848e-01
-2.6823669583e-01 -1.4098978128e-01 9.5298003997e-01
7.3098531643e+00 1.5244593851e+00 -5.2215657493e+01
4.7439341426e+03 8.0002084079e-02 1.8477259975e-03
9.9932245695e-01 3.0963900983e-02 1.9896328174e-02
-3.3836107534e-02 9.8561299317e-01 1.6559633303e-01
-1.4482571106e-02 -1.6615734869e-01 9.8599289582e-01
2.0582915036e+01 -1.8480674478e-01 -4.8598109744e+01
0 0 0
0 0 0
0 0 0
0 0 0
0 0 0
4.7557177647e+03 4.3381417618e-02 2.8565331944e-03
7.5707492824e-01 -1.8006239671e-01 6.2802474977e-01
4.9059511921e-02 9.7422443568e-01 2.2018154604e-01
-6.5148347433e-01 -1.3588334047e-01 7.4639466803e-01
6.7813352565e+00 6.9637531960e-01 -6.4970824029e+01
0 0 0
0 0 0
0 0 0
0 0 0
0 0 0
0 0 0
0 0 0
0 0 0
0 0 0
0 0 0
4.1283105267e+03 -4.7619496208e-01 -9.7325755433e-03
1.9650808235e-02 3.0809389731e-01 -9.5115298253e-01
1.9343473500e-02 9.5104145908e-01 3.0845740897e-01
9.9961976560e-01 -2.4460039904e-02 1.2729127197e-02
-1.4817589447e+00 -1.7273340445e-01 -4.0321090805e+01
4.4346292691e+03 -1.1543711860e-01 -1.8059101460e-03
2.1036864240e-01 2.7446874741e-01 -9.3830269156e-01
8.9908911728e-03 9.5919677489e-01 2.8259637457e-01
9.7758078856e-01 -6.7885593054e-02 1.9931720469e-01
3.1079201866e+00 3.5149853015e-02 -4.2316368181e+01
6.6803455285e+04 -1.1078608949e-03 -4.7533809741e-08
4.2302573227e-01 2.2353307435e-01 -8.7811285978e-01
-1.1675482733e-01 9.7446179266e-01 1.9181377672e-01
8.9856415471e-01 2.1381751969e-02 4.3832097891e-01
4.8927127387e+00 -7.0548894787e-01 -6.6332681798e+02
5.3060787657e+03 7.5012023007e-02 -6.3304954966e-03
7.8950928621e-01 1.2825282918e-01 -6.0018855270e-01
-1.4051270383e-02 9.8144299424e-01 1.9123862280e-01
6.1357774470e-01 -1.4255125695e-01 7.7666047302e-01
1.0052699985e+01 -1.8407789670e-01 -5.0277839349e+01
1.6696487666e+03 -1.8391616133e+00 5.6277773667e-03
-2.2513755863e-01 1.4437574967e-01 -9.6357081867e-01
-7.3124003069e-02 9.8366749890e-01 1.6447228272e-01
9.7157910634e-01 1.0748904370e-01 -2.1090316644e-01
4.3625735497e+00 4.2751689227e-01 -1.1491166513e+01
0 0 0
0 0 0
0 0 0
0 0 0
0 0 0
0 0 0
0 0 0
0 0 0
0 0 0
0 0 0
0 0 0
0 0 0
0 0 0
0 0 0
0 0 0
0 0 0
0 0 0
0 0 0
0 0 0
0 0 0
0 0 0
0 0 0
0 0 0
0 0 0
0 0 0
0 0 0
0 0 0
0 0 0
0 0 0
0 0 0
0 0 0
0 0 0
0 0 0
0 0 0
0 0 0
1.6631240890e+03 -1.2610630825e-01 1.3014008579e-01
-4.5005365203e-01 2.3500869275e-01 -8.6152343243e-01
-2.7922452598e-01 8.7934223177e-01 3.8573423950e-01
8.4822483717e-01 4.1415957524e-01 -3.3013099196e-01
-6.1202374561e+00 7.4449514322e+00 -6.0762319430e+01
1.6695833076e+03 -1.3849313604e-01 1.4722770543e-01
-1.8582175526e-01 2.6176314646e-01 -9.4707461714e-01
-2.9379294437e-01 9.0496635760e-01 3.0776874022e-01
9.3763318046e-01 3.3543396783e-01 -9.1258271495e-02
6.7877179883e+00 1.3210771585e+01 -8.9059764834e+01
0 0 0
0 0 0
0 0 0
0 0 0
0 0 0
1.6690365935e+03 -1.4523660034e-01 1.6195834860e-01
3.3054199698e-02 2.5188443967e-01 -9.6719266381e-01
-3.2783335932e-01 9.1691314974e-01 2.2758638879e-01
9.4415714179e-01 3.0955533414e-01 1.1288395237e-01
1.0559722116e+01 1.7266586832e+01 -7.6902939080e+01
-2.2422372412e+01 -2.0553814373e+00 -2.2720756474e+00
23 22 25
8 18 269 -404.3000 185.7900 19 247 -405.0100 130.4300 17 345 -436.5900 199.6500 20 137 -348.2700 137.6300 16 475 -420.7900 193.7200 21 164 -275.6900 123.5600 87 250 -406.2100 -202.9100 89 112 -182.8800 -172.4200
-3.7771999472e+01 3.2030638598e+01 -1.0109580800e+02
192 190 175
5 18 967 -503.0700 519.9900 19 941 -720.0200 465.7700 17 852 -319.3000 519.7200 16 1168 -83.0900 496.4900 12 832 708.6500 587.0300
-2.0020382544e+01 2.2116061292e+01 -6.6696060688e+01
130 128 100
13 18 2250 -275.9500 516.8800 19 2153 -456.3900 466.3000 17 1916 -128.7800 517.4600 20 1440 -628.2000 475.5500 16 1709 73.1900 487.2300 15 1632 248.5100 513.1300 14 1795 300.5100 503.9200 13 1789 565.8900 530.1200 86 547 -30.2000 502.7700 12 1246 771.8700 574.6300 87 602 714.1600 413.8000 89 452 -2.5600 453.1400 74 1426 -600.9100 292.3700
-7.1234254995e+00 -3.5357740151e+00 4.6863653595e+00
214 232 217
15 18 6644 480.2200 156.9200 19 3151 507.5100 138.1000 17 5451 347.6200 161.9300 20 6197 571.6400 158.6000 88 758 193.9500 -139.4000 16 4193 242.9200 113.9600 91 1148 420.2400 -173.3400 21 5906 584.0100 152.7300 14 3711 -40.8900 104.3700 13 4001 -80.6000 130.0000 86 1192 14.3800 -230.1900 12 3806 -187.5000 136.8900 87 678 766.5300 -328.1300 85 2748 41.7300 -109.5600 84 977 -249.5500 -266.8600
-3.6885165953e+01 3.3181108232e+01 -9.9948504720e+01
187 187 172
5 18 975 -494.1800 539.3300 19 953 -710.8400 485.8300 17 1260 -310.9100 538.2600 15 1095 122.7600 540.9200 13 1231 490.9800 559.4800
-3.6885165953e+01 3.3181108232e+01 -9.9948504720e+01
187 187 172
5 18 976 -494.1800 539.3300 19 954 -710.8400 485.8300 17 1261 -310.9100 538.2600 15 1096 122.7600 540.9200 13 1232 490.9800 559.4800
-2.0015938472e+01 2.2103300239e+01 -6.6651602898e+01
130 128 100
11 18 2251 -275.9500 516.8800 19 2154 -456.3900 466.3000 17 1917 -128.7800 517.4600 16 1710 73.1900 487.2300 15 1634 248.5100 513.1300 14 1797 300.5100 503.9200 13 1791 565.8900 530.1200 86 548 -30.2000 502.7700 87 603 714.1600 413.8000 89 453 -2.5600 453.1400 74 1427 -600.9100 292.3700
-2.0232454109e+01 2.2237992848e+01 -6.6650058461e+01
253 242 218
10 18 4028 -279.7600 518.8700 19 3581 -460.3400 468.3900 17 3246 -132.4000 519.5000 20 3788 -632.4000 477.7200 16 2716 69.7700 489.2300 15 2651 245.1899 515.2000 13 2897 562.1899 532.1700 86 1131 -38.3000 508.2100 87 1242 706.0699 419.1400 89 634 -11.0900 459.1400
-2.3558000871e+01 -2.4931051248e+00 -2.8323126645e+00
181 191 195
6 18 403 -457.7700 159.7200 19 356 -463.8800 100.6100 17 479 -481.0600 176.5100 21 232 -344.2700 89.1800 89 200 -289.6000 -217.2700 22 248 -286.4400 143.2700
-1.1669461785e+01 -3.2790041020e+00 2.6380070599e+00
149 164 172
13 18 95 190.8500 158.6000 19 89 224.9399 127.7100 17 138 79.2200 166.3600 88 47 -316.2100 -144.5400 16 212 4.5600 132.7000 91 58 16.2100 -212.7300 15 295 -31.1700 150.8500 21 168 352.9500 136.8800 14 309 -214.0800 133.1200 86 89 -384.8200 -211.1100 87 111 357.6500 -301.2300 85 320 -178.5900 -84.1500 22 182 334.7200 223.0700
-9.1570978379e+00 -3.1519757208e+00 3.8023884440e+00
221 228 232
10 18 172 349.1000 171.2000 19 147 380.6400 145.7500 17 220 223.4800 178.7400 88 84 -36.9500 -116.2400 16 214 131.6400 138.8900 91 144 240.0900 -174.2400 15 217 80.5500 156.0100 14 310 -123.1000 137.9100 86 128 -168.0000 -191.6700 87 151 577.1300 -285.5100
-2.2856985558e+01 -1.7503814375e+00 -2.3968858157e+00
75 73 72
5 18 273 -426.3900 199.9700 19 253 -429.2000 143.3100 20 141 -375.7700 150.8600 21 169 -303.2200 136.8200 89 115 -222.3100 -144.3400
-1.0045861476e+01 -3.5330258031e+00 3.2813798865e+00
212 209 200
8 18 256 291.5900 145.7700 19 244 324.5400 118.6100 17 216 170.6500 154.5500 20 214 399.6200 136.1900 16 207 84.5600 118.0300 15 288 38.8600 135.7000 14 424 -155.5600 116.5100 87 145 498.4000 -322.2400
-1.1318882519e+01 -3.2706113153e+00 2.8220353950e+00
66 68 72
12 18 402 213.8800 159.1400 19 369 247.9600 129.0800 17 335 98.2800 167.1900 20 526 327.2400 146.7000 16 316 20.3900 133.4500 91 283 48.8500 -208.0800 15 403 -18.3600 152.7800 21 577 372.9500 139.2500 14 429 -203.4900 135.0400 86 203 -354.9700 -209.5700 87 232 387.7500 -300.5300 22 968 351.0601 225.8000
-3.2347718650e+01 3.3930180419e+01 -9.7774873152e+01
247 245 233
5 18 700 -437.8000 557.5000 19 458 -650.3000 504.8900 17 610 -258.7600 556.6700 15 509 172.2600 558.0300 14 553 248.7600 549.1100
-2.2646144194e+01 -3.5280363127e+00 -2.6963874413e+00
204 208 212
6 18 790 -410.5900 110.1000 19 534 -410.8400 51.0000 20 506 -356.3700 53.7900 21 551 -286.3000 37.7200 89 273 -207.9200 -315.2700 22 600 -230.8100 96.1500
-8.9738410583e+00 -3.9113566405e+00 3.7470395338e+00
162 170 181
9 18 569 359.7200 129.1300 19 548 391.9100 106.0600 17 469 233.9600 136.4700 20 518 463.4500 125.8000 88 255 -16.6100 -193.4700 16 636 139.7600 95.2000 91 389 259.4399 -232.3200 15 565 87.3600 110.2400 14 623 -116.6300 90.2600
-2.3116320490e+01 -1.7377273253e+00 -2.4537943686e+00
253 254 251
7 18 413 -439.2500 198.7600 19 376 -442.8600 141.0500 17 492 -466.6100 213.2900 16 481 -444.6600 207.8300 15 418 -407.9200 238.9100 14 667 -506.4100 226.0500 85 459 -612.7700 36.7200
-3.4570118673e+01 3.6206855684e+01 -9.7735003238e+01
190 187 179
6 18 706 -468.8200 587.4200 19 686 -684.6800 536.0400 17 614 -287.5100 584.4600 16 832 -50.3200 558.2300 15 753 147.5000 585.8300 14 802 224.5200 576.9200
-7.4416557587e+00 -2.6703439170e+00 4.9536100585e+00
221 230 231
11 18 585 467.5699 208.4600 19 560 495.5000 187.1600 17 490 332.3900 212.9100 20 530 563.3800 205.9400 88 128 168.7500 -49.8600 16 467 228.1300 165.7300 91 215 402.6700 -101.6300 15 581 163.3400 180.7200 21 904 579.0601 196.8400 14 965 -60.0500 161.6200 85 878 17.0300 -29.2200
-2.1090444995e+01 -2.4849609812e+00 -1.5181881831e+00
121 137 146
8 18 582 -337.7800 169.6400 19 551 -328.9600 116.2800 17 715 -383.1000 183.9800 16 960 -380.5500 175.5500 15 1393 -356.8700 205.0900 14 1519 -468.2500 191.2300 87 359 -328.9800 -234.1000 89 275 -57.6800 -208.1700
-4.2863213445e+00 2.6408513846e+01 -8.2490040630e+01
144 140 140
10 18 2252 -44.4000 518.5800 19 2158 -232.5400 471.5000 17 1920 112.5700 521.4100 20 2258 -407.8800 477.2700 16 1707 329.5900 483.3800 15 2647 526.3400 508.5900 14 1792 598.8600 500.8500 86 550 606.6400 505.3400 89 451 547.6500 435.9500 74 1000 -334.0200 503.8600
-5.1092637768e+00 -1.4776731467e+00 5.1210166642e+00
239 243 243
7 18 3473 596.6100 282.0600 19 5783 606.3101 261.4200 17 2842 468.1200 285.1600 16 2379 369.3000 231.1400 15 2359 308.0800 243.0400 14 2396 77.2700 223.2500 86 1235 221.4700 -23.6200
7.3069113514e+00 2.5099037407e+01 -7.5339190646e+01
236 237 221
5 18 332 143.9900 528.1500 19 306 -41.7400 484.2400 17 281 296.7700 531.8400 16 269 514.2700 488.0200 15 184 720.3500 513.2000
-9.7766019322e+00 -3.8990214087e+00 3.2413693237e+00
8 9 11
8 18 157 306.0500 127.1300 19 134 338.2800 101.6700 17 130 185.8500 135.1300 20 130 411.6000 120.9800 88 43 -110.1400 -199.6700 16 201 98.3600 97.0600 91 85 181.1000 -244.7300 15 211 51.6100 113.6000
-9.7782300793e+00 -3.8990385474e+00 3.2450962448e+00
8 9 11
8 18 158 306.0500 127.1300 19 135 338.2800 101.6700 17 131 185.8500 135.1300 88 44 -110.1400 -199.6700 16 202 98.3600 97.0600 15 212 51.6100 113.6000 86 122 -221.6000 -270.0600 87 143 522.1801 -363.8300
-8.5263666645e+00 -3.3142976836e+00 3.9872508003e+00
16 17 17
9 18 168 387.1400 165.7000 19 146 417.1100 142.5400 17 139 260.2700 171.7600 20 142 487.3300 161.4000 88 83 31.5400 -127.8500 16 211 165.5500 128.0000 91 89 291.9600 -175.6500 15 214 111.9300 141.5800 87 110 635.8101 -306.2800
-2.2776400144e+01 -3.2795373641e+00 -2.7120171762e+00
18 20 22
4 18 250 -417.6000 122.5700 19 223 -418.8700 63.8000 17 320 -446.5600 141.9000 89 101 -219.2800 -291.9200
-2.3551675252e+01 -3.2498912022e+00 -3.0529026047e+00
249 250 252
6 18 392 -454.0100 121.9900 19 348 -459.6700 60.9000 17 321 -476.8200 142.0000 16 460 -454.2300 142.5800 21 336 -342.8200 44.5800 89 193 -291.7200 -289.8700
-2.3492479271e+01 -2.0423467628e+00 -2.6871461106e+00
225 232 236
3 18 409 -456.1800 182.9300 19 368 -462.1700 124.8900 20 212 -411.0900 130.2200
-2.8735715935e+01 2.9528469372e+01 -9.6547545769e+01
163 165 155
3 18 324 -389.1700 505.7200 19 300 -595.0200 452.0100 15 358 208.9500 506.2400
7.2836804302e+00 2.6874092382e+01 -7.4408116284e+01
182 180 175
6 18 699 145.4400 558.6600 19 681 -40.5800 515.0000 17 611 298.4800 562.8000 20 663 -207.9600 518.8700 16 576 517.5100 519.6200 15 367 724.5000 546.7600
-2.2443806185e+01 -2.6615386830e+00 -2.3550614929e+00
254 255 252
5 18 260 -403.4200 154.2300 19 235 -403.0600 97.1000 17 337 -436.0700 171.7500 16 324 -421.3400 167.8500 15 412 -388.7700 199.4600
-2.2653644944e+01 -3.5273371352e+00 -2.6824245587e+00
204 208 212
5 18 791 -410.5900 110.1000 19 535 -410.8400 51.0000 20 507 -356.3700 53.7900 21 552 -286.3000 37.7200 22 601 -230.8100 96.1500
-9.2108507487e+00 -3.9859962202e+00 3.6245258900e+00
162 169 181
8 18 567 344.6100 124.2500 19 543 377.2700 100.4700 17 467 219.9800 131.8200 20 807 449.7000 119.9400 88 253 -43.6100 -202.7200 16 635 127.0600 91.3100 91 385 239.1400 -242.4700 15 563 75.9200 106.7800
-1.2167024238e+01 -3.6359526263e+00 2.0186058568e+00
67 68 68
4 18 794 157.4700 134.9700 19 802 188.6400 102.5800 16 452 -18.1700 114.2800 15 569 -48.2400 134.7400
-2.2991995324e+01 -3.4430633391e+00 -2.8769342149e+00
251 251 250
8 18 249 -427.0900 113.6900 19 221 -429.4000 52.8900 17 319 -454.0000 134.5200 20 200 -377.0800 53.8000 16 457 -435.7400 134.4900 15 574 -399.5000 167.4300 87 227 -441.3900 -316.0500 89 146 -239.9900 -309.4400
-2.2364315992e+01 -3.0127124355e+00 -2.4864345019e+00
43 44 46
8 18 254 -398.0500 136.8100 19 226 -397.6100 79.0800 17 328 -430.7400 154.6800 20 122 -342.3000 83.3300 16 462 -416.6600 151.8400 15 584 -384.7200 184.2400 87 234 -402.4100 -281.2400 89 103 -179.8500 -265.6000
-2.2143691819e+01 -2.2368875303e+00 -2.1335195501e+00
173 182 190
9 18 406 -390.4400 177.9000 19 366 -388.5700 122.4400 17 485 -425.3200 192.3900 20 211 -330.4000 129.3300 16 658 -412.2200 185.9300 15 599 -381.1800 216.0700 21 238 -256.9500 115.1900 87 364 -390.6900 -216.3400 89 155 -157.2200 -189.0100
-2.3668064922e+01 -2.2123512973e+00 -2.8359412222e+00
26 26 30
9 18 267 -463.4800 173.7300 19 239 -470.8100 115.2700 17 339 -485.7600 189.0800 20 131 -421.4600 120.4200 16 470 -460.5200 186.3300 15 600 -421.0700 218.0200 21 161 -352.5800 105.2700 87 246 -484.4600 -217.4900 89 110 -298.6300 -190.1900
-2.3666078237e+01 -2.2157022664e+00 -2.8275636765e+00
26 26 30
8 18 268 -463.4800 173.7300 19 240 -470.8100 115.2700 17 340 -485.7600 189.0800 20 132 -421.4600 120.4200 16 471 -460.5200 186.3300 15 601 -421.0700 218.0200 87 247 -484.4600 -217.4900 89 111 -298.6300 -190.1900
-2.2613336259e+01 -1.7803851281e+00 -2.1903303614e+00
213 221 225
5 18 805 -414.8500 199.5000 19 810 -415.8400 143.8400 20 822 -359.1600 151.7500 21 895 -285.8000 137.9300 89 351 -200.1100 -145.5600
-2.4613105347e+01 -5.6539827283e+00 4.5979583655e+01
77 67 78
2 18 1915 313.9399 180.0500 19 3150 -469.0200 136.5600
-1.7116350148e+01 -4.2375626965e-01 9.8458489664e-01
253 255 255
10 18 1210 -129.1500 298.9100 19 1196 -103.7200 255.7600 17 1036 -210.4100 304.0800 20 1232 -19.7700 270.2800 16 979 -239.1200 280.9000 91 595 -491.0600 -31.3300 15 910 -241.1900 305.3600 87 496 -63.7600 -38.8600 89 352 349.1200 13.9900 22 2461 81.5800 324.2500
-3.6157548790e+01 3.4130647556e+01 -9.9767425442e+01
204 198 187
5 18 1417 -485.4700 551.7100 19 1404 -701.5000 498.9399 17 1266 -302.5800 550.6801 16 1197 -66.5900 525.2700 15 1676 132.2000 554.2200
-2.3910926332e+01 -2.3747383314e+00 -2.9805431744e+00
252 251 249
7 18 1912 -474.5300 164.9600 19 1857 -482.6700 104.7000 20 1213 -435.2100 109.2200 15 2342 -425.8800 212.0400 21 3372 -366.4200 91.7300 87 956 -499.0400 -228.9600 89 662 -322.0700 -206.7600
-2.1533633923e+01 2.6398161054e+01 -6.6356225227e+01
94 90 81
5 18 7527 -305.0400 590.9399 19 3601 -489.7000 541.5500 17 6381 -155.4900 588.9100 16 4900 51.4300 558.0400 15 4722 228.7200 585.5601
-2.0371302043e+01 -3.3647607768e+00 -2.2858492274e+00
10 12 11
5 18 6 -295.8100 123.8600 19 6 -289.2400 71.2900 17 10 -342.7300 139.3400 20 4 -234.4500 78.0600 16 11 -339.3900 132.3500
-9.0546377723e+00 -3.6039016487e+00 3.6908120881e+00
166 177 183
4 18 23 353.5000 146.9400 19 21 384.3900 123.4900 17 19 229.4200 153.3100 16 20 135.9700 111.3000
-9.1547752894e+00 -3.7785041620e+00 3.7180709253e+00
161 173 189
8 18 162 349.7900 136.2100 19 138 381.4200 112.5000 17 135 223.5900 143.8600 20 133 454.3700 132.0000 88 46 -36.4500 -180.2100 16 135 130.3500 103.0700 91 86 244.1000 -223.2800 22 265 443.0300 219.1600
-9.2231582043e+00 -4.2416287543e+00 3.5225647817e+00
158 167 175
8 18 248 342.2500 109.6900 19 232 375.0800 86.0500 17 211 218.5000 116.9900 20 206 447.0800 106.5600 88 75 -46.1400 -232.2600 16 199 126.0400 77.3400 91 136 236.7000 -265.2100 86 119 -175.2200 -302.5300
-9.6251080313e+00 -3.6879994495e+00 3.4874199176e+00
169 181 189
9 18 163 318.0400 140.4300 19 140 351.3400 115.3000 17 213 194.5500 148.2600 20 135 425.0400 134.6000 88 79 -89.8300 -175.0700 16 204 105.4200 109.3100 91 138 202.0000 -222.3400 86 123 -209.8000 -248.3900 87 144 534.0699 -342.7100
1.0058358466e+01 1.5565345572e+01 -5.0445143602e+01
250 247 236
5 18 315 316.2200 476.6600 19 443 149.7400 437.1200 17 266 444.0300 481.3101 88 97 132.6800 428.8700 16 261 634.6600 431.3800
9.9715538281e+00 1.6422480501e+01 -5.0417396822e+01
252 253 245
5 18 320 313.8400 492.5800 19 449 146.4600 453.0701 17 271 442.0200 497.2500 88 101 127.8400 469.1200 16 264 633.3900 446.4700
-9.0448091890e+00 -4.0752479804e+00 3.6703154875e+00
125 129 126
6 18 388 355.0000 119.4100 19 355 387.1200 96.2500 17 314 229.4800 126.9900 88 110 -25.0700 -211.3400 16 294 135.6400 86.4200 91 202 253.3400 -248.2600
-8.8501506035e+00 -3.7899529574e+00 3.8389898582e+00
98 98 96
7 18 397 368.1600 136.4500 19 358 400.0000 113.5800 17 322 241.5800 143.6600 20 336 471.5900 133.2700 88 115 -2.3600 -179.5900 16 302 146.7000 102.0100 91 204 270.2100 -220.3700
-9.4030635077e+00 -3.5687799827e+00 3.6544107324e+00
132 137 135
8 18 399 333.5400 147.5000 19 364 366.6899 123.1600 17 326 209.0300 155.3400 20 340 440.4100 142.0100 88 118 -63.9600 -160.0000 16 305 117.7900 115.3600 91 208 222.0100 -208.5300 21 362 471.9000 136.0800
-9.4019613947e+00 -3.5687345955e+00 3.6501780219e+00
132 137 135
7 18 400 333.5400 147.5000 19 365 366.6899 123.1600 17 327 209.0300 155.3400 20 341 440.4100 142.0100 88 119 -63.9600 -160.0000 16 306 117.7900 115.3600 91 209 222.0100 -208.5300
-8.7317291671e+00 -3.4639507700e+00 3.9489321309e+00
237 238 240
6 18 580 376.3600 155.6600 19 807 407.5500 131.8700 17 477 249.2700 162.8600 88 185 10.2100 -143.6100 16 310 154.3700 121.0900 91 587 279.0800 -191.5500
-9.0752823850e+00 -3.4690230701e+00 3.8307589023e+00
121 125 125
7 18 401 354.6700 154.6300 19 370 387.2200 130.4200 17 329 228.7400 161.8500 20 342 460.1300 149.5200 88 121 -26.7400 -146.8200 16 311 135.2300 120.9300 91 210 250.9000 -195.4800
-2.3746689508e+01 -3.6569744959e+00 -3.0656511920e+00
129 122 116
4 18 387 -463.0200 101.1500 19 217 -467.9800 38.7700 17 313 -485.3000 122.9800 16 454 -462.3400 124.9400
1.3076379382e+01 1.3227061089e+01 -4.5741825786e+01
211 209 122
5 18 923 409.1600 451.5900 19 903 244.2700 415.1700 17 813 533.4000 456.5300 88 222 337.9200 371.7800 16 524 721.5800 402.7700
-8.7089709866e+00 -4.8578470475e+00 3.5877279588e+00
46 49 55
9 18 559 372.8900 75.3300 19 536 404.6000 54.0800 17 462 248.3400 83.2000 20 508 473.4399 75.2900 88 251 9.9900 -292.4500 16 630 152.5100 42.2600 91 279 281.8500 -312.4900 21 878 498.6801 74.0300 22 954 455.6801 171.8600
-8.1473917848e+00 -3.7481846081e+00 4.1130340574e+00
41 48 54
5 18 574 411.9399 140.2400 19 552 441.5000 118.2500 17 703 283.7000 147.6000 88 258 75.8700 -170.1900 16 637 185.3500 103.7000
-2.3045411979e+01 -3.2089925408e+00 -2.8231289114e+00
205 206 208
5 18 565 -430.2400 124.7800 19 349 -433.2100 66.4800 17 474 -457.1100 143.6100 16 646 -438.1800 141.8800 89 194 -244.6500 -284.3900
-9.2575675971e+00 -2.8701745604e+00 3.8439517122e+00
186 199 211
5 18 803 343.8199 188.9800 19 814 375.4301 163.5900 17 720 217.9800 195.0100 20 824 449.1000 181.8800 16 652 126.7400 154.2900
1.4950114424e+01 1.2867237767e+01 -4.4338450250e+01
111 113 61
5 18 922 457.0100 450.7000 19 901 290.9500 415.4400 17 812 581.8101 455.5400 88 221 444.9900 368.8800 16 747 772.7500 400.3400
1.2490848565e+01 1.3769605666e+01 -4.6852754711e+01
101 85 54
5 18 1361 389.1400 457.4299 19 1341 223.4100 420.7800 17 1204 513.8500 462.2000 88 324 293.5800 385.2500 16 750 702.8700 409.3100
1.3562925600e+01 1.0353900763e+01 -4.1505350956e+01
184 183 127
5 18 1288 456.6899 410.7400 19 1257 296.6200 377.3600 17 1143 574.8300 414.8200 88 411 437.7500 280.1000 16 1030 755.8101 357.7200
1.0504084594e+01 1.1253711113e+01 -4.3890985922e+01
206 197 101
6 18 1296 374.7600 419.9400 19 1269 216.4200 384.0400 17 1151 493.1000 423.5300 20 2069 83.2600 387.2900 88 417 255.4100 300.0100 16 1054 671.9200 369.8500
1.4991427256e+01 1.1999613924e+01 -4.3179470590e+01
113 110 57
6 18 2110 468.4800 438.3600 19 2051 303.7800 403.8500 17 1816 591.7800 442.9600 88 441 469.1000 341.1600 16 1080 780.5100 386.5300 91 657 -488.2800 157.2900
1.2640491220e+01 1.4696977149e+01 -4.8134608692e+01
248 247 141
4 18 2191 380.9700 469.9900 19 2107 214.2800 432.6000 17 1875 508.5601 474.7200 16 1124 700.1000 422.4500
-1.1161181505e+01 -2.2850021979e+00 3.3643634229e+00
187 207 212
11 18 1921 229.4100 218.1500 19 1872 264.7700 187.7600 17 1621 108.4600 224.5900 20 3365 346.9100 204.7800 88 531 -254.3200 -34.1900 16 1451 28.0500 188.7300 91 1154 74.2800 -115.2700 21 3393 392.7100 194.5900 86 596 -346.9300 -110.0700 87 698 396.7500 -200.7600 22 6944 367.7300 278.3000
-2.1291439378e+01 -1.3252790244e+00 -1.0932080493e+00
168 190 206
6 18 1923 -351.8600 230.8500 19 1869 -343.3200 179.0300 17 1623 -397.6300 241.2200 16 1464 -392.6600 230.0300 87 963 -350.0900 -131.9200 89 480 -73.0300 -92.0100
9.7139765468e+00 1.3743750199e+01 -4.7689721154e+01
139 145 80
6 18 1354 329.7700 453.6500 19 1325 167.2700 415.9800 17 1842 453.0900 457.7000 20 1365 28.8100 418.5500 88 453 158.4900 377.0600 16 1621 638.2500 406.4600
9.7348366973e+00 1.1068908306e+01 -4.3731243972e+01
232 224 138
5 18 3689 361.1400 416.6200 19 3351 203.8200 380.5400 17 3012 478.1600 420.0900 88 858 223.2100 293.2800 16 2495 654.4301 366.7300
1.0083608342e+01 1.1040746097e+01 -4.3520973350e+01
151 136 38
6 18 3693 369.8101 416.9400 19 3353 211.9700 381.0900 17 3014 486.8700 420.6300 20 3518 79.3200 384.5500 88 861 242.5300 294.0300 16 2498 663.4301 366.8900
1.2086872501e+01 1.3697622763e+01 -4.6971880813e+01
152 140 72
6 18 7293 380.1700 455.6500 19 6209 215.5800 418.7300 17 3151 505.0900 460.1300 20 6621 76.0200 421.3700 88 985 274.3199 381.3100 16 2610 693.0900 407.3700
9.8558832259e+00 1.5107626772e+01 -5.0222163604e+01
245 228 179
5 18 7355 314.3900 468.4399 19 6234 148.6700 429.5200 17 6153 441.5400 472.8199 88 1018 127.7600 411.8200 16 2641 631.0000 422.6900
8.8569732540e+00 1.5382826943e+01 -5.0612510489e+01
217 214 147
5 18 3950 293.2300 472.1500 19 3530 127.4800 433.2400 17 3182 419.9700 476.4100 88 699 78.8800 420.3400 16 2652 608.6200 426.8201
9.2688730087e+00 1.8654369612e+01 -4.9778447927e+01
236 214 164
5 18 4050 303.0601 539.6400 19 3590 134.7500 498.8800 17 3273 430.6700 544.6899 88 734 100.2500 574.4100 16 2729 623.9700 497.4100
9.3020873361e+00 1.9836800098e+01 -4.9494694517e+01
253 251 230
4 18 7508 304.5601 564.2400 19 6344 135.3400 523.2000 17 6351 432.4399 569.8101 16 2768 627.2500 523.3800
1.5016277180e+01 1.1623794545e+01 -4.2751096354e+01
244 228 137
6 18 3767 472.7700 432.2500 19 6128 308.7100 398.1200 17 5934 595.8600 437.1600 88 915 478.5900 328.0100 16 4490 783.9500 380.2900 91 1253 -474.0300 145.7000
-4.0428004004e+00 2.6519541433e+01 -8.2253778075e+01
253 251 237
6 18 7470 -40.7800 520.5601 19 6323 -228.8300 473.5200 17 6279 116.0200 523.7400 16 4761 332.8400 485.3000 86 1135 615.2400 512.0400 89 894 557.4500 442.1200
9.1472409576e+00 1.9753616554e+01 -4.9439455942e+01
132 121 89
4 18 7507 302.0300 562.9399 19 6343 133.1400 521.5900 17 6348 429.7400 568.6899 16 4836 624.1100 522.2600
-9.0079219983e+00 -3.6149743914e+00 3.6715712735e+00
166 177 183
5 18 24 353.5000 146.9400 19 22 384.3900 123.4900 17 20 229.4200 153.3100 88 6 -20.9000 -165.5200 91 13 249.4800 -209.1000
-2.3045299129e+01 -2.5587834256e+00 -2.5298280122e+00
179 190 200
3 18 18 -434.1600 157.9900 19 17 -435.4000 101.8900 17 21 -461.1300 173.7000
2.7502068164e+01 2.4106373423e+01 -6.2799121156e+01
191 190 180
4 18 86 515.5699 564.6000 19 80 320.2300 524.3400 17 86 677.4200 575.3800 20 77 153.8100 523.8199
-1.7799109082e+01 4.1738806097e-01 6.3952193305e-01
166 202 238
3 18 178 -169.7800 341.2600 19 155 -148.4000 298.1100 17 149 -242.9300 342.6000
2.1186249549e+01 1.1880225363e+01 -4.0227709560e+01
179 186 105
4 18 194 618.5100 448.5200 19 171 444.9399 416.3600 17 173 750.3000 454.9600 20 249 301.9800 419.2200
-9.2281025169e+00 -4.7112372361e+00 3.3393763917e+00
221 227 228
6 18 239 339.0400 81.9700 19 222 371.3400 58.7600 17 208 217.4100 91.7000 88 70 -48.4800 -278.7500 91 195 232.6100 -309.5600 21 341 473.0200 76.1000
-1.1879385462e+01 4.2065971616e-02 2.8908904225e+00
215 234 251
4 18 278 175.9400 347.0000 19 266 204.3700 312.0900 17 228 64.3000 349.7300 88 88 -345.9600 194.5100
2.0377991235e+01 9.2328423656e+00 -3.7066413252e+01
151 151 73
3 18 297 640.3700 405.5400 19 283 471.4800 375.6300 17 250 766.0800 411.1300
1.1137466873e+01 2.6141535483e+01 -7.2381696475e+01
199 196 183
4 18 333 211.5300 555.9700 19 307 24.9200 512.7500 17 282 364.5200 560.9301 20 265 -140.6800 516.0900
1.1168629498e+01 2.6180500227e+01 -7.2497144006e+01
199 196 183
3 18 334 211.5300 555.9700 19 308 24.9200 512.7500 17 283 364.5200 560.9301
-9.5462682511e+00 -4.0553033485e+00 3.4304204717e+00
159 168 175
4 18 389 322.5900 119.1100 19 353 355.7200 94.5000 17 316 199.7900 127.1400 88 112 -81.6500 -212.9800
-9.3836901811e+00 -3.9401132247e+00 3.5601484744e+00
127 128 127
6 18 393 333.8300 126.0800 19 357 366.9500 101.9200 17 318 209.9300 133.9700 20 331 440.0699 121.4900 88 114 -62.8100 -199.0900 91 203 223.8500 -240.9900
-2.3342450087e+01 -2.8147941809e+00 -2.8109899740e+00
180 189 193
6 18 258 -445.6100 143.9300 19 230 -450.0100 84.6400 17 333 -470.7700 162.2400 20 202 -399.0100 88.0100 87 238 -464.9200 -264.3500 89 151 -272.1200 -247.2300
-2.3623702829e+01 -2.7207091429e+00 -2.9250985368e+00
27 28 28
4 18 259 -459.5900 147.3500 19 233 -466.3200 87.2600 17 334 -482.0700 165.9500 87 242 -481.9100 -256.4500
-2.3360857631e+01 -1.8094489005e+00 -2.6045005196e+00
19 19 25
5 18 272 -450.6800 195.2100 19 252 -456.1800 138.0800 17 346 -475.5200 207.8100 20 138 -404.5100 144.9000 89 113 -269.5600 -151.0900
