# Bundle file v0.3
110 5760
0 0 0
0 0 0
0 0 0
0 0 0
0 0 0
0 0 0
0 0 0
0 0 0
0 0 0
0 0 0
0 0 0
0 0 0
0 0 0
0 0 0
0 0 0
1.6723216317e+03 -1.1834486791e-01 1.0466351585e-01
-4.9975913637e-01 1.4949107583e-01 -8.5316658623e-01
-2.9362155451e-01 8.9743304924e-01 3.2924201563e-01
8.1487863412e-01 4.1504980469e-01 -4.0460656357e-01
-8.7840022818e+00 4.3748999088e+00 -4.1097554255e+01
1.6755069280e+03 -1.4403845771e-01 1.6961186798e-01
-3.3985517746e-01 1.8048901023e-01 -9.2299630310e-01
-3.2203141703e-01 8.9975253185e-01 2.9451850175e-01
8.8362561348e-01 3.9732744508e-01 -2.4766242466e-01
-7.7527659708e+00 6.5715290904e+00 -4.5133109162e+01
1.6749033497e+03 -1.5322843794e-01 1.9427898860e-01
-1.9963246799e-01 1.8828737219e-01 -9.6161049453e-01
-3.2911428883e-01 9.1146932007e-01 2.4679437484e-01
9.2294672794e-01 3.6574792418e-01 -1.1999080526e-01
-6.8617783403e+00 6.3651030873e+00 -4.1525894350e+01
1.6732396450e+03 -1.5071813804e-01 1.7891085784e-01
-9.2783368580e-02 2.1279525841e-01 -9.7268156378e-01
-3.2419896422e-01 9.1720450022e-01 2.3158354082e-01
9.4142778699e-01 3.3682945652e-01 -1.6113320841e-02
-4.9287841790e+00 5.2632678218e+00 -3.7011729781e+01
1.6738209579e+03 -1.6094779096e-01 2.0508940935e-01
-2.3486126527e-02 2.2190556268e-01 -9.7478527026e-01
-3.1382717947e-01 9.2413021885e-01 2.1793540334e-01
9.4918960344e-01 3.1103257041e-01 4.7935757596e-02
-1.4951718585e+00 4.5326034192e+00 -3.4517366933e+01
1.6715550348e+03 -1.5169602062e-01 1.7908832483e-01
9.9917175972e-02 2.4258031327e-01 -9.6497220145e-01
-3.1955004273e-01 9.2627315317e-01 1.9976440101e-01
9.4228675473e-01 2.8839701340e-01 1.7006714711e-01
5.8318621380e-01 4.1430428552e+00 -3.1445522264e+01
1.6718526206e+03 -1.5274237070e-01 1.7987152667e-01
2.4791043518e-01 2.0616969110e-01 -9.4659097534e-01
-2.7566747608e-01 9.5171346487e-01 1.3508857620e-01
9.2873454699e-01 2.2745447733e-01 2.9277397763e-01
2.2531597218e+00 2.8578286439e+00 -2.9308659412e+01
1.6729769203e+03 -1.5873660641e-01 2.0052057394e-01
3.9660880521e-01 1.9912164989e-01 -8.9613170024e-01
-2.6632651073e-01 9.5916435786e-01 9.5257148265e-02
8.7850534734e-01 2.0088380512e-01 4.3344440419e-01
4.2473664483e+00 3.0958872756e+00 -2.8037736181e+01
1.6742936122e+03 -1.6149624218e-01 2.1219091697e-01
5.7757993195e-01 2.1340435141e-01 -7.8794670188e-01
-2.7787941057e-01 9.5898021718e-01 5.6035490866e-02
7.6758351688e-01 1.8658919008e-01 6.1318840397e-01
4.7396421175e+00 3.8889831293e+00 -2.7289094629e+01
1.6728368527e+03 -1.3710698596e-01 1.5696557504e-01
7.1741505840e-01 1.6385158711e-01 -6.7710286617e-01
-2.2182986034e-01 9.7508495049e-01 9.2324892533e-04
6.6038409054e-01 1.4953928156e-01 7.3588780139e-01
6.3386781090e+00 4.6703302585e+00 -2.8396412634e+01
1.6812631724e+03 -1.7205412399e-01 2.2888134279e-01
8.1620681879e-01 1.4395986721e-01 -5.5953729598e-01
-1.7551220763e-01 9.8447345927e-01 -2.7336733191e-03
5.5045607811e-01 1.0043686887e-01 8.2880066448e-01
8.0348141526e+00 4.9702888030e+00 -3.0677742785e+01
1.6751752207e+03 -1.4499642452e-01 1.6782065559e-01
9.1718956461e-01 1.0132413398e-01 -3.8535272471e-01
-1.1599501558e-01 9.9313729336e-01 -1.4949009817e-02
3.8119346654e-01 5.8410071111e-02 9.2264825620e-01
8.2093739972e+00 4.9972283806e+00 -3.2047156865e+01
1.6763188931e+03 -1.5240050728e-01 1.9028077799e-01
9.4870423014e-01 8.7398243168e-02 -3.0384507699e-01
-1.0001675205e-01 9.9464111752e-01 -2.6185810152e-02
2.9992821313e-01 5.5232186589e-02 9.5236152407e-01
1.1789288426e+01 5.5919150226e+00 -3.3297211251e+01
1.6752378989e+03 -1.5431456170e-01 2.0681056562e-01
9.8563342598e-01 5.2278276249e-02 -1.6060426962e-01
-5.6215059018e-02 9.9821706085e-01 -2.0064061535e-02
1.5926900743e-01 2.8804188205e-02 9.8681492795e-01
1.2244560633e+01 5.6972512380e+00 -3.5190693473e+01
1.6699340393e+03 -1.3666017562e-01 1.6069141738e-01
9.9980457980e-01 -1.8091541955e-02 7.9685838524e-03
1.8404421458e-02 9.9898479200e-01 -4.1117668101e-02
-7.2166120648e-03 4.1256290053e-02 9.9912253455e-01
1.2943567181e+01 7.2052673859e+00 -3.6169249596e+01
1.6675096276e+03 -1.3187770489e-01 1.4191854056e-01
9.8775312768e-01 -4.2405850840e-02 1.5015159863e-01
4.8316837674e-02 9.9818531029e-01 -3.5938412925e-02
-1.4835512109e-01 4.2753130188e-02 9.8800957885e-01
1.4228129821e+01 7.2495120439e+00 -3.6570361902e+01
1.6689608055e+03 -1.5640931804e-01 1.9435437045e-01
9.5274433607e-01 -9.0957000146e-02 2.8983625412e-01
9.4804793357e-02 9.9549558588e-01 7.6788960643e-04
-2.8860055654e-01 2.6746263706e-02 9.5707594064e-01
1.3806459718e+01 7.0847139307e+00 -3.8556101622e+01
1.6639730460e+03 -1.4671287832e-01 1.6724685826e-01
8.9645947285e-01 -1.1349955346e-01 4.2834362945e-01
1.2007829016e-01 9.9269510686e-01 1.1731540527e-02
-4.2654614963e-01 4.0917919989e-02 9.0353976452e-01
1.4118540732e+01 7.6786890328e+00 -4.0132560059e+01
1.6601745428e+03 -1.3284149493e-01 1.1663920352e-01
8.0151460791e-01 -1.3254812931e-01 5.8309975710e-01
1.3511343669e-01 9.9004921476e-01 3.9330796882e-02
-5.8251068019e-01 4.7260403873e-02 8.1144794145e-01
1.3612167723e+01 7.7237286425e+00 -4.3084034560e+01
0 0 0
0 0 0
0 0 0
0 0 0
0 0 0
0 0 0
0 0 0
0 0 0
0 0 0
0 0 0
0 0 0
0 0 0
0 0 0
0 0 0
0 0 0
0 0 0
0 0 0
0 0 0
0 0 0
0 0 0
0 0 0
0 0 0
0 0 0
0 0 0
0 0 0
0 0 0
0 0 0
0 0 0
0 0 0
0 0 0
0 0 0
0 0 0
0 0 0
0 0 0
0 0 0
0 0 0
0 0 0
0 0 0
0 0 0
0 0 0
0 0 0
0 0 0
0 0 0
0 0 0
0 0 0
0 0 0
0 0 0
0 0 0
0 0 0
0 0 0
0 0 0
0 0 0
0 0 0
0 0 0
0 0 0
0 0 0
0 0 0
0 0 0
0 0 0
0 0 0
0 0 0
0 0 0
0 0 0
0 0 0
0 0 0
0 0 0
0 0 0
0 0 0
0 0 0
0 0 0
0 0 0
0 0 0
0 0 0
0 0 0
0 0 0
0 0 0
0 0 0
0 0 0
0 0 0
0 0 0
0 0 0
0 0 0
0 0 0
0 0 0
0 0 0
0 0 0
0 0 0
0 0 0
0 0 0
0 0 0
0 0 0
0 0 0
0 0 0
0 0 0
0 0 0
0 0 0
0 0 0
0 0 0
0 0 0
0 0 0
0 0 0
0 0 0
0 0 0
0 0 0
0 0 0
1.6635956450e+03 -1.4626799651e-01 1.6918078179e-01
1.3735957936e-01 2.0275221797e-01 -9.6954828867e-01
-3.0194106021e-01 9.4081144851e-01 1.5396562771e-01
9.4337900237e-01 2.7159778435e-01 1.9044868447e-01
4.8327885240e-02 -2.5756625385e+00 -9.7096081943e+00
1.6678901175e+03 -1.6603859682e-01 1.9760026579e-01
3.5278495442e-01 2.4942568631e-01 -9.0184788237e-01
-3.8986212507e-01 9.1535569198e-01 1.0065525621e-01
8.5061759879e-01 3.1608667194e-01 4.2016534419e-01
3.1595626725e+00 -1.0510070285e+00 -1.0171531387e+01
1.6635835698e+03 -1.5826325376e-01 1.9709618901e-01
3.8697782370e-01 1.8695977345e-01 -9.0293643579e-01
-2.8054041043e-01 9.5667954583e-01 7.7854509882e-02
8.7837648083e-01 2.2318218949e-01 4.2266354020e-01
3.2369807930e+00 -1.9606527206e+00 -9.9777900714e+00
1.6630457311e+03 -1.3024906865e-01 1.4469582825e-01
7.3264947522e-01 1.5621574464e-01 -6.6243594980e-01
-2.3645545436e-01 9.7109818647e-01 -3.2513540726e-02
6.3821122253e-01 1.8045762205e-01 7.4841264158e-01
5.3994429630e+00 -4.3849256722e-01 -1.2328124203e+01
0 0 0
0 0 0
0 0 0
0 0 0
0 0 0
0 0 0
0 0 0
0 0 0
0 0 0
0 0 0
0 0 0
0 0 0
0 0 0
0 0 0
0 0 0
0 0 0
0 0 0
0 0 0
0 0 0
0 0 0
0 0 0
0 0 0
0 0 0
0 0 0
0 0 0
0 0 0
0 0 0
0 0 0
0 0 0
0 0 0
0 0 0
0 0 0
0 0 0
0 0 0
0 0 0
0 0 0
0 0 0
0 0 0
0 0 0
0 0 0
0 0 0
0 0 0
0 0 0
0 0 0
0 0 0
2.2484316390e+03 -3.6313982713e-02 5.3367291182e-04
6.7423581038e-01 1.3401097981e-01 -7.2625555370e-01
-2.7613012088e-01 9.5781734160e-01 -7.9612162829e-02
6.8495125983e-01 2.5421840496e-01 6.8279921957e-01
2.6669496088e+00 1.8559504903e+00 -1.3219283673e+01
0 0 0
0 0 0
0 0 0
0 0 0
0 0 0
0 0 0
0 0 0
0 0 0
0 0 0
0 0 0
0 0 0
0 0 0
0 0 0
0 0 0
0 0 0
0 0 0
0 0 0
0 0 0
0 0 0
0 0 0
0 0 0
0 0 0
0 0 0
0 0 0
0 0 0
0 0 0
0 0 0
0 0 0
0 0 0
0 0 0
0 0 0
0 0 0
0 0 0
0 0 0
0 0 0
0 0 0
0 0 0
0 0 0
0 0 0
0 0 0
0 0 0
0 0 0
0 0 0
0 0 0
0 0 0
0 0 0
0 0 0
0 0 0
0 0 0
0 0 0
1.6621452046e+03 -1.5920509546e-01 1.9451558081e-01
2.1246316044e-01 2.5909584992e-01 -9.4219358203e-01
-3.4189292170e-01 9.2297414434e-01 1.7671434287e-01
9.1540626803e-01 2.8458402879e-01 2.8468104084e-01
-2.7917636679e+00 -5.4817763506e+00 -2.0262237565e+00
0 0 0
0 0 0
0 0 0
0 0 0
0 0 0
0 0 0
0 0 0
0 0 0
0 0 0
0 0 0
0 0 0
0 0 0
0 0 0
0 0 0
0 0 0
1.6573236855e+03 -1.3482885067e-01 1.4693294047e-01
3.8937631101e-01 2.8103171089e-01 -8.7715863212e-01
-3.4807852146e-01 9.2659383560e-01 1.4235591570e-01
8.5277630790e-01 2.4989005844e-01 4.5861479192e-01
5.5993551183e+00 -4.7456438558e+00 -3.1152500342e+00
0 0 0
0 0 0
0 0 0
0 0 0
0 0 0
0 0 0
0 0 0
0 0 0
0 0 0
0 0 0
0 0 0
0 0 0
0 0 0
0 0 0
0 0 0
0 0 0
0 0 0
0 0 0
0 0 0
0 0 0
0 0 0
0 0 0
0 0 0
0 0 0
0 0 0
0 0 0
0 0 0
0 0 0
0 0 0
0 0 0
0 0 0
0 0 0
0 0 0
0 0 0
0 0 0
4.7863322320e+03 8.1139139981e-02 1.3140620375e-03
-3.1617761459e-01 1.7515608775e-01 -9.3239050883e-01
-1.7842351910e-01 9.5429198010e-01 2.3977461197e-01
9.3177076787e-01 2.4217176062e-01 -2.7047379632e-01
-3.2780925993e+00 -5.7793339226e-01 -4.9988591669e+01
4.7790533453e+03 5.6291330240e-02 -9.5224910153e-04
-2.0002333361e-01 2.1279654733e-01 -9.5640383492e-01
-1.5504928284e-01 9.5695599559e-01 2.4534657607e-01
9.6744528833e-01 1.9736476874e-01 -1.5841957630e-01
-9.7081135253e+00 -1.6048237753e+00 -4.9266449532e+01
4.7792869205e+03 4.1529506119e-02 -1.1501589182e-03
4.0789141213e-02 2.3748936806e-01 -9.7053338223e-01
-1.4432696982e-01 9.6255524406e-01 2.2947140980e-01
9.8868901670e-01 1.3071420043e-01 7.3537922632e-02
-1.2235256250e+00 -1.3287205747e+00 -4.6418207342e+01
4.8195583136e+03 -4.6812974037e-02 3.2453749259e-04
2.7863093666e-01 2.6905250090e-01 -9.2194118733e-01
-1.7653095560e-01 9.5794896480e-01 2.2620920084e-01
9.4403475722e-01 9.9722277298e-02 3.1441031243e-01
3.3132236085e+00 3.6702901731e-01 -4.5660731537e+01
4.7736001878e+03 9.2864793544e-02 7.5350795966e-04
5.3005510949e-01 1.7826891358e-01 -8.2901253027e-01
-1.3595110547e-01 9.8287057806e-01 1.2442959337e-01
8.3699395328e-01 4.6750628204e-02 5.4521142774e-01
3.9578755743e+00 2.4870835374e-01 -4.4068547229e+01
4.7887160886e+03 7.6227307385e-02 3.0514642662e-03
6.9074865675e-01 6.3432210693e-02 -7.2030732874e-01
-4.1572744921e-02 9.9798094415e-01 4.8018142292e-02
7.2189888494e-01 -3.2233144451e-03 6.9199104775e-01
6.9141962135e+00 7.8471520383e-01 -4.4818860034e+01
4.8023443747e+03 3.9782180703e-02 7.5704792714e-03
8.5006299576e-01 1.3219683980e-01 -5.0982045741e-01
-6.7390803000e-02 9.8733134607e-01 1.4364989642e-01
5.2235178081e-01 -8.7754251278e-02 8.4820269303e-01
9.8775273248e+00 1.1381733108e+00 -6.2417863545e+01
4.8045630159e+03 5.7487599174e-02 1.3300815784e-04
9.8801331258e-01 4.6964027779e-02 -1.4705126403e-01
-2.5324688719e-02 9.8900354293e-01 1.4570741989e-01
1.5227722843e-01 -1.4023684310e-01 9.7833801599e-01
7.8821390447e+00 3.8340891965e-01 -5.5746237771e+01
4.7902338753e+03 1.1080032189e-01 6.3617103563e-03
9.5332975757e-01 7.6590569373e-02 -2.9205523110e-01
-2.8473904536e-02 9.8578614253e-01 1.6557450879e-01
3.0058544557e-01 -1.4953115355e-01 9.4196009683e-01
1.6372603504e+01 -7.4057657402e-01 -5.3785577454e+01
4.7829744801e+03 9.6475257970e-02 2.4231065697e-03
9.6281214926e-01 -4.8905016321e-02 2.6570860846e-01
9.5073620558e-03 9.8900431759e-01 1.4758072320e-01
-2.7000439867e-01 -1.3956632535e-01 9.5269033034e-01
6.6221232162e+00 1.6031847926e+00 -5.6352607550e+01
0 0 0
0 0 0
0 0 0
0 0 0
0 0 0
0 0 0
0 0 0
0 0 0
0 0 0
0 0 0
4.7868848103e+03 2.4920435697e-02 1.7752891565e-03
7.5472019298e-01 -1.8047885891e-01 6.3073355056e-01
5.0035409703e-02 9.7445026055e-01 2.1895923707e-01
-6.5413598593e-01 -1.3369394604e-01 7.4446762233e-01
5.7714228187e+00 6.0931653037e-01 -6.9337028001e+01
0 0 0
0 0 0
0 0 0
0 0 0
0 0 0
0 0 0
0 0 0
0 0 0
0 0 0
0 0 0
0 0 0
0 0 0
0 0 0
0 0 0
0 0 0
4.8734149217e+03 -4.7694040828e-03 -1.6914455663e-06
2.7141579393e-01 2.5960400085e-01 -9.2678974398e-01
-8.4823551460e-02 9.6564132255e-01 2.4564568246e-01
9.5871707606e-01 1.1941479612e-02 2.8411083953e-01
4.2485895890e+00 -1.2678185965e-01 -5.0598408535e+01
2.7073571140e+04 -5.0442137770e-03 -1.5019497052e-06
4.2117779512e-01 2.2179333976e-01 -8.7944128817e-01
-1.2584003549e-01 9.7455076414e-01 1.8551305500e-01
8.9820573944e-01 3.2534943444e-02 4.3836962382e-01
5.8846836372e+00 -7.0954388865e-01 -2.8484770317e+02
0 0 0
0 0 0
0 0 0
0 0 0
0 0 0
0 0 0
0 0 0
0 0 0
0 0 0
0 0 0
0 0 0
0 0 0
0 0 0
0 0 0
0 0 0
0 0 0
0 0 0
0 0 0
0 0 0
0 0 0
0 0 0
0 0 0
0 0 0
0 0 0
0 0 0
0 0 0
0 0 0
0 0 0
0 0 0
0 0 0
0 0 0
0 0 0
0 0 0
0 0 0
0 0 0
0 0 0
0 0 0
0 0 0
0 0 0
0 0 0
0 0 0
0 0 0
0 0 0
0 0 0
0 0 0
0 0 0
0 0 0
0 0 0
0 0 0
0 0 0
0 0 0
0 0 0
0 0 0
0 0 0
0 0 0
0 0 0
0 0 0
0 0 0
0 0 0
0 0 0
1.6904846705e+03 -1.4524666544e-01 1.5895050062e-01
3.7222236307e-02 2.5160348031e-01 -9.6711436439e-01
-3.2533398754e-01 9.1811263188e-01 2.2633380601e-01
9.4486628772e-01 3.0621052217e-01 1.1602936887e-01
1.2280809775e+01 1.8364176426e+01 -8.3009849806e+01
-2.2860449722e+01 -2.3130878493e+00 -1.3058793626e+00
23 22 25
7 18 269 -404.3000 185.7900 19 247 -405.0100 130.4300 17 345 -436.5900 199.6500 20 137 -348.2700 137.6300 16 475 -420.7900 193.7200 21 164 -275.6900 123.5600 87 250 -406.2100 -202.9100
-3.8459241452e+01 3.3059917017e+01 -1.0416993376e+02
192 190 175
5 18 967 -503.0700 519.9900 19 941 -720.0200 465.7700 17 852 -319.3000 519.7200 16 1168 -83.0900 496.4900 12 832 708.6500 587.0300
-2.0088995045e+01 2.2866286093e+01 -6.8599658470e+01
130 128 100
11 18 2250 -275.9500 516.8800 19 2153 -456.3900 466.3000 17 1916 -128.7800 517.4600 20 1440 -628.2000 475.5500 16 1709 73.1900 487.2300 15 1632 248.5100 513.1300 14 1795 300.5100 503.9200 13 1789 565.8900 530.1200 86 547 -30.2000 502.7700 12 1246 771.8700 574.6300 87 602 714.1600 413.8000
-6.7267707998e+00 -3.8894959512e+00 6.1013032437e+00
214 232 217
15 18 6644 480.2200 156.9200 19 3151 507.5100 138.1000 17 5451 347.6200 161.9300 20 6197 571.6400 158.6000 88 758 193.9500 -139.4000 16 4193 242.9200 113.9600 91 1148 420.2400 -173.3400 21 5906 584.0100 152.7300 14 3711 -40.8900 104.3700 13 4001 -80.6000 130.0000 86 1192 14.3800 -230.1900 12 3806 -187.5000 136.8900 87 678 766.5300 -328.1300 85 2748 41.7300 -109.5600 84 977 -249.5500 -266.8600
-3.7542842411e+01 3.4269115195e+01 -1.0300673201e+02
187 187 172
5 18 975 -494.1800 539.3300 19 953 -710.8400 485.8300 17 1260 -310.9100 538.2600 15 1095 122.7600 540.9200 13 1231 490.9800 559.4800
-3.7542842411e+01 3.4269115195e+01 -1.0300673201e+02
187 187 172
5 18 976 -494.1800 539.3300 19 954 -710.8400 485.8300 17 1261 -310.9100 538.2600 15 1096 122.7600 540.9200 13 1232 490.9800 559.4800
-2.0079320548e+01 2.2844980677e+01 -6.8522263737e+01
130 128 100
9 18 2251 -275.9500 516.8800 19 2154 -456.3900 466.3000 17 1917 -128.7800 517.4600 16 1710 73.1900 487.2300 15 1634 248.5100 513.1300 14 1797 300.5100 503.9200 13 1791 565.8900 530.1200 86 548 -30.2000 502.7700 87 603 714.1600 413.8000
-2.0305894443e+01 2.2983142859e+01 -6.8523822981e+01
253 242 218
9 18 4028 -279.7600 518.8700 19 3581 -460.3400 468.3900 17 3246 -132.4000 519.5000 20 3788 -632.4000 477.7200 16 2716 69.7700 489.2300 15 2651 245.1899 515.2000 13 2897 562.1899 532.1700 86 1131 -38.3000 508.2100 87 1242 706.0699 419.1400
-2.4062817373e+01 -2.7711956386e+00 -1.8958987568e+00
181 191 195
4 18 403 -457.7700 159.7200 19 356 -463.8800 100.6100 17 479 -481.0600 176.5100 21 232 -344.2700 89.1800
-1.1521177385e+01 -3.6144853007e+00 3.9265540643e+00
149 164 172
12 18 95 190.8500 158.6000 19 89 224.9399 127.7100 17 138 79.2200 166.3600 88 47 -316.2100 -144.5400 16 212 4.5600 132.7000 91 58 16.2100 -212.7300 15 295 -31.1700 150.8500 21 168 352.9500 136.8800 14 309 -214.0800 133.1200 86 89 -384.8200 -211.1100 87 111 357.6500 -301.2300 85 320 -178.5900 -84.1500
-8.8713008806e+00 -3.4822167376e+00 5.1629100171e+00
221 228 232
10 18 172 349.1000 171.2000 19 147 380.6400 145.7500 17 220 223.4800 178.7400 88 84 -36.9500 -116.2400 16 214 131.6400 138.8900 91 144 240.0900 -174.2400 15 217 80.5500 156.0100 14 310 -123.1000 137.9100 86 128 -168.0000 -191.6700 87 151 577.1300 -285.5100
-2.3322024230e+01 -1.9904155687e+00 -1.4305633001e+00
75 73 72
4 18 273 -426.3900 199.9700 19 253 -429.2000 143.3100 20 141 -375.7700 150.8600 21 169 -303.2200 136.8200
-9.8091806085e+00 -3.8836318786e+00 4.6109240730e+00
212 209 200
8 18 256 291.5900 145.7700 19 244 324.5400 118.6100 17 216 170.6500 154.5500 20 214 399.6200 136.1900 16 207 84.5600 118.0300 15 288 38.8600 135.7000 14 424 -155.5600 116.5100 87 145 498.4000 -322.2400
-1.1151811452e+01 -3.6053657889e+00 4.1205529811e+00
66 68 72
11 18 402 213.8800 159.1400 19 369 247.9600 129.0800 17 335 98.2800 167.1900 20 526 327.2400 146.7000 16 316 20.3900 133.4500 91 283 48.8500 -208.0800 15 403 -18.3600 152.7800 21 577 372.9500 139.2500 14 429 -203.4900 135.0400 86 203 -354.9700 -209.5700 87 232 387.7500 -300.5300
-3.2817292328e+01 3.5041396382e+01 -1.0071332737e+02
247 245 233
5 18 700 -437.8000 557.5000 19 458 -650.3000 504.8900 17 610 -258.7600 556.6700 15 509 172.2600 558.0300 14 553 248.7600 549.1100
-2.3107646948e+01 -3.8684783772e+00 -1.7264697763e+00
204 208 212
4 18 790 -410.5900 110.1000 19 534 -410.8400 51.0000 20 506 -356.3700 53.7900 21 551 -286.3000 37.7200
-8.6787828481e+00 -4.2840024669e+00 5.1057958878e+00
162 170 181
9 18 569 359.7200 129.1300 19 548 391.9100 106.0600 17 469 233.9600 136.4700 20 518 463.4500 125.8000 88 255 -16.6100 -193.4700 16 636 139.7600 95.2000 91 389 259.4399 -232.3200 15 565 87.3600 110.2400 14 623 -116.6300 90.2600
-2.3593156458e+01 -1.9760976440e+00 -1.5006689261e+00
253 254 251
7 18 413 -439.2500 198.7600 19 376 -442.8600 141.0500 17 492 -466.6100 213.2900 16 481 -444.6600 207.8300 15 418 -407.9200 238.9100 14 667 -506.4100 226.0500 85 459 -612.7700 36.7200
-3.5134773325e+01 3.7423558724e+01 -1.0070904541e+02
190 187 179
6 18 706 -468.8200 587.4200 19 686 -684.6800 536.0400 17 614 -287.5100 584.4600 16 832 -50.3200 558.2300 15 753 147.5000 585.8300 14 802 224.5200 576.9200
-7.0622669336e+00 -2.9749870526e+00 6.3822342312e+00
221 230 231
11 18 585 467.5699 208.4600 19 560 495.5000 187.1600 17 490 332.3900 212.9100 20 530 563.3800 205.9400 88 128 168.7500 -49.8600 16 467 228.1300 165.7300 91 215 402.6700 -101.6300 15 581 163.3400 180.7200 21 904 579.0601 196.8400 14 965 -60.0500 161.6200 85 878 17.0300 -29.2200
-2.1458874271e+01 -2.7686996340e+00 -5.0663151899e-01
121 137 146
7 18 582 -337.7800 169.6400 19 551 -328.9600 116.2800 17 715 -383.1000 183.9800 16 960 -380.5500 175.5500 15 1393 -356.8700 205.0900 14 1519 -468.2500 191.2300 87 359 -328.9800 -234.1000
-3.6200178155e+00 2.7167096610e+01 -8.4549747353e+01
144 140 140
8 18 2252 -44.4000 518.5800 19 2158 -232.5400 471.5000 17 1920 112.5700 521.4100 20 2258 -407.8800 477.2700 16 1707 329.5900 483.3800 15 2647 526.3400 508.5900 14 1792 598.8600 500.8500 86 550 606.6400 505.3400
-4.5988196588e+00 -1.7187851271e+00 6.5619151397e+00
239 243 243
7 18 3473 596.6100 282.0600 19 5783 606.3101 261.4200 17 2842 468.1200 285.1600 16 2379 369.3000 231.1400 15 2359 308.0800 243.0400 14 2396 77.2700 223.2500 86 1235 221.4700 -23.6200
8.4168925938e+00 2.5807980108e+01 -7.7148569944e+01
236 237 221
5 18 332 143.9900 528.1500 19 306 -41.7400 484.2400 17 281 296.7700 531.8400 16 269 514.2700 488.0200 15 184 720.3500 513.2000
-9.5250900842e+00 -4.2702469814e+00 4.5698481769e+00
8 9 11
8 18 157 306.0500 127.1300 19 134 338.2800 101.6700 17 130 185.8500 135.1300 20 130 411.6000 120.9800 88 43 -110.1400 -199.6700 16 201 98.3600 97.0600 91 85 181.1000 -244.7300 15 211 51.6100 113.6000
-9.5268158668e+00 -4.2705220780e+00 4.5745815386e+00
8 9 11
8 18 158 306.0500 127.1300 19 135 338.2800 101.6700 17 131 185.8500 135.1300 88 44 -110.1400 -199.6700 16 202 98.3600 97.0600 15 212 51.6100 113.6000 86 122 -221.6000 -270.0600 87 143 522.1801 -363.8300
-8.2061318196e+00 -3.6541800305e+00 5.3599608021e+00
16 17 17
9 18 168 387.1400 165.7000 19 146 417.1100 142.5400 17 139 260.2700 171.7600 20 142 487.3300 161.4000 88 83 31.5400 -127.8500 16 211 165.5500 128.0000 91 89 291.9600 -175.6500 15 214 111.9300 141.5800 87 110 635.8101 -306.2800
-2.3243250488e+01 -3.5989982338e+00 -1.7733773416e+00
18 20 22
3 18 250 -417.6000 122.5700 19 223 -418.8700 63.8000 17 320 -446.5600 141.9000
-2.4049787503e+01 -3.5708529479e+00 -2.1300219717e+00
249 250 252
5 18 392 -454.0100 121.9900 19 348 -459.6700 60.9000 17 321 -476.8200 142.0000 16 460 -454.2300 142.5800 21 336 -342.8200 44.5800
-2.3989976297e+01 -2.2965612996e+00 -1.7424114646e+00
225 232 236
3 18 409 -456.1800 182.9300 19 368 -462.1700 124.8900 20 212 -411.0900 130.2200
-2.9062212983e+01 3.0450177085e+01 -9.9406032041e+01
163 165 155
3 18 324 -389.1700 505.7200 19 300 -595.0200 452.0100 15 358 208.9500 506.2400
8.3946147232e+00 2.7660203730e+01 -7.6193787074e+01
182 180 175
6 18 699 145.4400 558.6600 19 681 -40.5800 515.0000 17 611 298.4800 562.8000 20 663 -207.9600 518.8700 16 576 517.5100 519.6200 15 367 724.5000 546.7600
-2.2885344635e+01 -2.9516669337e+00 -1.3954117620e+00
254 255 252
5 18 260 -403.4200 154.2300 19 235 -403.0600 97.1000 17 337 -436.0700 171.7500 16 324 -421.3400 167.8500 15 412 -388.7700 199.4600
-2.3107646948e+01 -3.8684783772e+00 -1.7264697763e+00
204 208 212
4 18 791 -410.5900 110.1000 19 535 -410.8400 51.0000 20 507 -356.3700 53.7900 21 552 -286.3000 37.7200
-8.9288261853e+00 -4.3625620497e+00 4.9759296158e+00
162 169 181
8 18 567 344.6100 124.2500 19 543 377.2700 100.4700 17 467 219.9800 131.8200 20 807 449.7000 119.9400 88 253 -43.6100 -202.7200 16 635 127.0600 91.3100 91 385 239.1400 -242.4700 15 563 75.9200 106.7800
-1.2045948079e+01 -3.9903899185e+00 3.2715486322e+00
67 68 68
4 18 794 157.4700 134.9700 19 802 188.6400 102.5800 16 452 -18.1700 114.2800 15 569 -48.2400 134.7400
-2.3463438201e+01 -3.7681513742e+00 -1.9429837793e+00
251 251 250
7 18 249 -427.0900 113.6900 19 221 -429.4000 52.8900 17 319 -454.0000 134.5200 20 200 -377.0800 53.8000 16 457 -435.7400 134.4900 15 574 -399.5000 167.4300 87 227 -441.3900 -316.0500
-2.2804450618e+01 -3.3211585095e+00 -1.5373890840e+00
43 44 46
7 18 254 -398.0500 136.8100 19 226 -397.6100 79.0800 17 328 -430.7400 154.6800 20 122 -342.3000 83.3300 16 462 -416.6600 151.8400 15 584 -384.7200 184.2400 87 234 -402.4100 -281.2400
-2.2567462404e+01 -2.5036006527e+00 -1.1579783140e+00
173 182 190
8 18 406 -390.4400 177.9000 19 366 -388.5700 122.4400 17 485 -425.3200 192.3900 20 211 -330.4000 129.3300 16 658 -412.2200 185.9300 15 599 -381.1800 216.0700 21 238 -256.9500 115.1900 87 364 -390.6900 -216.3400
-2.4176415287e+01 -2.4768260460e+00 -1.9084335083e+00
26 26 30
8 18 267 -463.4800 173.7300 19 239 -470.8100 115.2700 17 339 -485.7600 189.0800 20 131 -421.4600 120.4200 16 470 -460.5200 186.3300 15 600 -421.0700 218.0200 21 161 -352.5800 105.2700 87 246 -484.4600 -217.4900
-2.4175428296e+01 -2.4814042027e+00 -1.9049432167e+00
26 26 30
7 18 268 -463.4800 173.7300 19 240 -470.8100 115.2700 17 340 -485.7600 189.0800 20 132 -421.4600 120.4200 16 471 -460.5200 186.3300 15 601 -421.0700 218.0200 87 247 -484.4600 -217.4900
-2.3062435440e+01 -2.0190769415e+00 -1.2174679897e+00
213 221 225
4 18 805 -414.8500 199.5000 19 810 -415.8400 143.8400 20 822 -359.1600 151.7500 21 895 -285.8000 137.9300
-2.5366062964e+01 -6.0528186043e+00 4.9906460644e+01
77 67 78
2 18 1915 313.9399 180.0500 19 3150 -469.0200 136.5600
-1.7262918145e+01 -5.9063329606e-01 2.1610584507e+00
253 255 255
8 18 1210 -129.1500 298.9100 19 1196 -103.7200 255.7600 17 1036 -210.4100 304.0800 20 1232 -19.7700 270.2800 16 979 -239.1200 280.9000 91 595 -491.0600 -31.3300 15 910 -241.1900 305.3600 87 496 -63.7600 -38.8600
-3.6786530341e+01 3.5263630888e+01 -1.0283787625e+02
204 198 187
5 18 1417 -485.4700 551.7100 19 1404 -701.5000 498.9399 17 1266 -302.5800 550.6801 16 1197 -66.5900 525.2700 15 1676 132.2000 554.2200
-2.4428773246e+01 -2.6454091171e+00 -2.0585897222e+00
252 251 249
6 18 1912 -474.5300 164.9600 19 1857 -482.6700 104.7000 20 1213 -435.2100 109.2200 15 2342 -425.8800 212.0400 21 3372 -366.4200 91.7300 87 956 -499.0400 -228.9600
-2.1661745440e+01 2.7333942067e+01 -6.8217226361e+01
94 90 81
5 18 7527 -305.0400 590.9399 19 3601 -489.7000 541.5500 17 6381 -155.4900 588.9100 16 4900 51.4300 558.0400 15 4722 228.7200 585.5601
-2.0697483747e+01 -3.6971347871e+00 -1.3066447334e+00
10 12 11
5 18 6 -295.8100 123.8600 19 6 -289.2400 71.2900 17 10 -342.7300 139.3400 20 4 -234.4500 78.0600 16 11 -339.3900 132.3500
-8.7636051235e+00 -3.9592858762e+00 5.0463047051e+00
166 177 183
4 18 23 353.5000 146.9400 19 21 384.3900 123.4900 17 19 229.4200 153.3100 16 20 135.9700 111.3000
-8.8677264292e+00 -4.1424856462e+00 5.0694609218e+00
161 173 189
7 18 162 349.7900 136.2100 19 138 381.4200 112.5000 17 135 223.5900 143.8600 20 133 454.3700 132.0000 88 46 -36.4500 -180.2100 16 135 130.3500 103.0700 91 86 244.1000 -223.2800
-8.9417996077e+00 -4.6326449789e+00 4.8682760581e+00
158 167 175
8 18 248 342.2500 109.6900 19 232 375.0800 86.0500 17 211 218.5000 116.9900 20 206 447.0800 106.5600 88 75 -46.1400 -232.2600 16 199 126.0400 77.3400 91 136 236.7000 -265.2100 86 119 -175.2200 -302.5300
-9.3653607996e+00 -4.0476903041e+00 4.8295705596e+00
169 181 189
9 18 163 318.0400 140.4300 19 140 351.3400 115.3000 17 213 194.5500 148.2600 20 135 425.0400 134.6000 88 79 -89.8300 -175.0700 16 204 105.4200 109.3100 91 138 202.0000 -222.3400 86 123 -209.8000 -248.3900 87 144 534.0699 -342.7100
1.1298014903e+01 1.5970951342e+01 -5.1396978790e+01
250 247 236
5 18 315 316.2200 476.6600 19 443 149.7400 437.1200 17 266 444.0300 481.3101 88 97 132.6800 428.8700 16 261 634.6600 431.3800
1.1207703124e+01 1.6865287389e+01 -5.1366963373e+01
252 253 245
5 18 320 313.8400 492.5800 19 449 146.4600 453.0701 17 271 442.0200 497.2500 88 101 127.8400 469.1200 16 264 633.3900 446.4700
-8.7536721056e+00 -4.4569660868e+00 5.0246199146e+00
125 129 126
6 18 388 355.0000 119.4100 19 355 387.1200 96.2500 17 314 229.4800 126.9900 88 110 -25.0700 -211.3400 16 294 135.6400 86.4200 91 202 253.3400 -248.2600
-8.5480935947e+00 -4.1559618914e+00 5.2028024474e+00
98 98 96
7 18 397 368.1600 136.4500 19 358 400.0000 113.5800 17 322 241.5800 143.6600 20 336 471.5900 133.2700 88 115 -2.3600 -179.5900 16 302 146.7000 102.0100 91 204 270.2100 -220.3700
-9.1307387037e+00 -3.9216940009e+00 5.0052904331e+00
132 137 135
8 18 399 333.5400 147.5000 19 364 366.6899 123.1600 17 326 209.0300 155.3400 20 340 440.4100 142.0100 88 118 -63.9600 -160.0000 16 305 117.7900 115.3600 91 208 222.0100 -208.5300 21 362 471.9000 136.0800
-9.1297244370e+00 -3.9216921456e+00 5.0014081056e+00
132 137 135
7 18 400 333.5400 147.5000 19 365 366.6899 123.1600 17 327 209.0300 155.3400 20 341 440.4100 142.0100 88 119 -63.9600 -160.0000 16 306 117.7900 115.3600 91 209 222.0100 -208.5300
-8.4227661207e+00 -3.8118121713e+00 5.3185553429e+00
237 238 240
6 18 580 376.3600 155.6600 19 807 407.5500 131.8700 17 477 249.2700 162.8600 88 185 10.2100 -143.6100 16 310 154.3700 121.0900 91 587 279.0800 -191.5500
-8.7851291569e+00 -3.8167566054e+00 5.1928380276e+00
121 125 125
7 18 401 354.6700 154.6300 19 370 387.2200 130.4200 17 329 228.7400 161.8500 20 342 460.1300 149.5200 88 121 -26.7400 -146.8200 16 311 135.2300 120.9300 91 210 250.9000 -195.4800
-2.4260199587e+01 -4.0017275993e+00 -2.1500099995e+00
129 122 116
4 18 387 -463.0200 101.1500 19 217 -467.9800 38.7700 17 313 -485.3000 122.9800 16 454 -462.3400 124.9400
1.4442109768e+01 1.3532842627e+01 -4.6482667214e+01
211 209 122
5 18 923 409.1600 451.5900 19 903 244.2700 415.1700 17 813 533.4000 456.5300 88 222 337.9200 371.7800 16 524 721.5800 402.7700
-8.3992083393e+00 -5.2834257832e+00 4.9362709014e+00
46 49 55
8 18 559 372.8900 75.3300 19 536 404.6000 54.0800 17 462 248.3400 83.2000 20 508 473.4399 75.2900 88 251 9.9900 -292.4500 16 630 152.5100 42.2600 91 279 281.8500 -312.4900 21 878 498.6801 74.0300
-7.8068208244e+00 -4.1127019788e+00 5.4937646182e+00
41 48 54
5 18 574 411.9399 140.2400 19 552 441.5000 118.2500 17 703 283.7000 147.6000 88 258 75.8700 -170.1900 16 637 185.3500 103.7000
-2.3519874723e+01 -3.5376377025e+00 -1.9019764616e+00
205 206 208
4 18 565 -430.2400 124.7800 19 349 -433.2100 66.4800 17 474 -457.1100 143.6100 16 646 -438.1800 141.8800
-8.9770625921e+00 -3.1839969057e+00 5.2060541065e+00
186 199 211
5 18 803 343.8199 188.9800 19 814 375.4301 163.5900 17 720 217.9800 195.0100 20 824 449.1000 181.8800 16 652 126.7400 154.2900
1.6390764731e+01 1.3152275643e+01 -4.4999252643e+01
111 113 61
5 18 922 457.0100 450.7000 19 901 290.9500 415.4400 17 812 581.8101 455.5400 88 221 444.9900 368.8800 16 747 772.7500 400.3400
1.3832006921e+01 1.4098255679e+01 -4.7642557356e+01
101 85 54
5 18 1361 389.1400 457.4299 19 1341 223.4100 420.7800 17 1204 513.8500 462.2000 88 324 293.5800 385.2500 16 750 702.8700 409.3100
1.4952891518e+01 1.0543472374e+01 -4.2081021684e+01
184 183 127
5 18 1288 456.6899 410.7400 19 1257 296.6200 377.3600 17 1143 574.8300 414.8200 88 411 437.7500 280.1000 16 1030 755.8101 357.7200
1.1770670048e+01 1.1491659880e+01 -4.4608765614e+01
206 197 101
6 18 1296 374.7600 419.9400 19 1269 216.4200 384.0400 17 1151 493.1000 423.5300 20 2069 83.2600 387.2900 88 417 255.4100 300.0100 16 1054 671.9200 369.8500
1.6438321045e+01 1.2252778212e+01 -4.3804667848e+01
113 110 57
6 18 2110 468.4800 438.3600 19 2051 303.7800 403.8500 17 1816 591.7800 442.9600 88 441 469.1000 341.1600 16 1080 780.5100 386.5300 91 657 -488.2800 157.2900
1.3985202260e+01 1.5061067987e+01 -4.8969546843e+01
248 247 141
4 18 2191 380.9700 469.9900 19 2107 214.2800 432.6000 17 1875 508.5601 474.7200 16 1124 700.1000 422.4500
-1.0984861548e+01 -2.5656805254e+00 4.6987929478e+00
187 207 212
10 18 1921 229.4100 218.1500 19 1872 264.7700 187.7600 17 1621 108.4600 224.5900 20 3365 346.9100 204.7800 88 531 -254.3200 -34.1900 16 1451 28.0500 188.7300 91 1154 74.2800 -115.2700 21 3393 392.7100 194.5900 86 596 -346.9300 -110.0700 87 698 396.7500 -200.7600
-2.1670650536e+01 -1.5397682677e+00 -5.9718873152e-02
168 190 206
5 18 1923 -351.8600 230.8500 19 1869 -343.3200 179.0300 17 1623 -397.6300 241.2200 16 1464 -392.6600 230.0300 87 963 -350.0900 -131.9200
1.0946625684e+01 1.4084819294e+01 -4.8563843510e+01
139 145 80
6 18 1354 329.7700 453.6500 19 1325 167.2700 415.9800 17 1842 453.0900 457.7000 20 1365 28.8100 418.5500 88 453 158.4900 377.0600 16 1621 638.2500 406.4600
1.0966259354e+01 1.1300489516e+01 -4.4442487489e+01
232 224 138
5 18 3689 361.1400 416.6200 19 3351 203.8200 380.5400 17 3012 478.1600 420.0900 88 858 223.2100 293.2800 16 2495 654.4301 366.7300
1.1332918268e+01 1.1271944202e+01 -4.4229732606e+01
151 136 38
6 18 3693 369.8101 416.9400 19 3353 211.9700 381.0900 17 3014 486.8700 420.6300 20 3518 79.3200 384.5500 88 861 242.5300 294.0300 16 2498 663.4301 366.8900
1.3416309008e+01 1.4027755750e+01 -4.7785614620e+01
152 140 72
6 18 7293 380.1700 455.6500 19 6209 215.5800 418.7300 17 3151 505.0900 460.1300 20 6621 76.0200 421.3700 88 985 274.3199 381.3100 16 2610 693.0900 407.3700
1.1087305643e+01 1.5495138844e+01 -5.1169039766e+01
245 228 179
5 18 7355 314.3900 468.4399 19 6234 148.6700 429.5200 17 6153 441.5400 472.8199 88 1018 127.7600 411.8200 16 2641 631.0000 422.6900
1.0047276269e+01 1.5785377650e+01 -5.1585891912e+01
217 214 147
5 18 3950 293.2300 472.1500 19 3530 127.4800 433.2400 17 3182 419.9700 476.4100 88 699 78.8800 420.3400 16 2652 608.6200 426.8201
1.0477461085e+01 1.9198500428e+01 -5.0709028587e+01
236 214 164
5 18 4050 303.0601 539.6400 19 3590 134.7500 498.8800 17 3273 430.6700 544.6899 88 734 100.2500 574.4100 16 2729 623.9700 497.4100
1.0510469426e+01 2.0436500368e+01 -5.0419734645e+01
253 251 230
4 18 7508 304.5601 564.2400 19 6344 135.3400 523.2000 17 6351 432.4399 569.8101 16 2768 627.2500 523.3800
1.6464281810e+01 1.1861210106e+01 -4.3358860037e+01
244 228 137
6 18 3767 472.7700 432.2500 19 6128 308.7100 398.1200 17 5934 595.8600 437.1600 88 915 478.5900 328.0100 16 4490 783.9500 380.2900 91 1253 -474.0300 145.7000
-3.3781573775e+00 2.7301159072e+01 -8.4393247765e+01
253 251 237
5 18 7470 -40.7800 520.5601 19 6323 -228.8300 473.5200 17 6279 116.0200 523.7400 16 4761 332.8400 485.3000 86 1135 615.2400 512.0400
1.0349386310e+01 2.0350847830e+01 -5.0364843568e+01
132 121 89
4 18 7507 302.0300 562.9399 19 6343 133.1400 521.5900 17 6348 429.7400 568.6899 16 4836 624.1100 522.2600
-8.7137783522e+00 -3.9710902007e+00 5.0249680387e+00
166 177 183
5 18 24 353.5000 146.9400 19 22 384.3900 123.4900 17 20 229.4200 153.3100 88 6 -20.9000 -165.5200 91 13 249.4800 -209.1000
-2.3519440231e+01 -2.8424750114e+00 -1.5778539761e+00
179 190 200
3 18 18 -434.1600 157.9900 19 17 -435.4000 101.8900 17 21 -461.1300 173.7000
2.9355258207e+01 2.4719744412e+01 -6.3903148926e+01
191 190 180
4 18 86 515.5699 564.6000 19 80 320.2300 524.3400 17 86 677.4200 575.3800 20 77 153.8100 523.8199
-1.7984488515e+01 2.9747129343e-01 1.7886223704e+00
166 202 238
3 18 178 -169.7800 341.2600 19 155 -148.4000 298.1100 17 149 -242.9300 342.6000
2.2870554962e+01 1.2105331734e+01 -4.0642957183e+01
179 186 105
4 18 194 618.5100 448.5200 19 171 444.9399 416.3600 17 173 750.3000 454.9600 20 249 301.9800 419.2200
-8.9472018572e+00 -5.1283961327e+00 4.6749465087e+00
221 227 228
6 18 239 339.0400 81.9700 19 222 371.3400 58.7600 17 208 217.4100 91.7000 88 70 -48.4800 -278.7500 91 195 232.6100 -309.5600 21 341 473.0200 76.1000
-1.1735868767e+01 -1.0578823115e-01 4.1836584363e+00
215 234 251
4 18 278 175.9400 347.0000 19 266 204.3700 312.0900 17 228 64.3000 349.7300 88 88 -345.9600 194.5100
2.2024617967e+01 9.3479797823e+00 -3.7346189014e+01
151 151 73
3 18 297 640.3700 405.5400 19 283 471.4800 375.6300 17 250 766.0800 411.1300
1.2406970088e+01 2.6898116415e+01 -7.4078255268e+01
199 196 183
4 18 333 211.5300 555.9700 19 307 24.9200 512.7500 17 282 364.5200 560.9301 20 265 -140.6800 516.0900
1.2432786273e+01 2.6930896935e+01 -7.4173140348e+01
199 196 183
3 18 334 211.5300 555.9700 19 308 24.9200 512.7500 17 283 364.5200 560.9301
-9.2824826887e+00 -4.4353749419e+00 4.7706831066e+00
159 168 175
4 18 389 322.5900 119.1100 19 353 355.7200 94.5000 17 316 199.7900 127.1400 88 112 -81.6500 -212.9800
-9.1106619035e+00 -4.3139025559e+00 4.9067171989e+00
127 128 127
6 18 393 333.8300 126.0800 19 357 366.9500 101.9200 17 318 209.9300 133.9700 20 331 440.0699 121.4900 88 114 -62.8100 -199.0900 91 203 223.8500 -240.9900
-2.3822403448e+01 -3.1131031745e+00 -1.8644464044e+00
180 189 193
5 18 258 -445.6100 143.9300 19 230 -450.0100 84.6400 17 333 -470.7700 162.2400 20 202 -399.0100 88.0100 87 238 -464.9200 -264.3500
-2.4129270786e+01 -3.0120100688e+00 -2.0041196199e+00
27 28 28
4 18 259 -459.5900 147.3500 19 233 -466.3200 87.2600 17 334 -482.0700 165.9500 87 242 -481.9100 -256.4500
-2.3850626094e+01 -2.0510274919e+00 -1.6574293694e+00
19 19 25
4 18 272 -450.6800 195.2100 19 252 -456.1800 138.0800 17 346 -475.5200 207.8100 20 138 -404.5100 144.9000
2.3377545481e+01 1.1256593141e+01 -3.9252524135e+01
124 116 69
4 18 640 643.6899 437.2000 19 621 469.8101 406.3300 17 383 775.0200 443.5300 20 602 327.6899 409.2600
1.7189691888e+01 1.2817726595e+01 -4.4205236259e+01
204 210 124
3 18 463 478.4900 447.6799 19 429 312.1899 412.5000 17 385 603.8400 452.7300
-8.9238758707e+00 -4.3614436672e+00 4.9709850091e+00
162 169 181
5 18 566 344.6100 124.2500 19 542 377.2700 100.4700 17 466 219.9800 131.8200 20 806 449.7000 119.9400 91 384 239.1400 -242.4700
-8.6785994643e+00 -4.2821648146e+00 5.1052788802e+00
162 170 181
6 18 568 359.7200 129.1300 19 547 391.9100 106.0600 17 468 233.9600 136.4700 20 517 463.4500 125.8000 88 254 -16.6100 -193.4700 91 388 259.4399 -232.3200
-4.0683491794e+00 -4.3263408098e+00 5.2168988317e+00
45 49 51
3 18 396 591.7500 134.7200 19 243 597.0200 119.8900 17 470 477.7400 138.8000
-2.4659941619e+01 -3.5853056318e+00 -2.2651611156e+00
138 136 131
3 18 391 -482.1000 119.8100 19 347 -489.9400 57.6500 17 472 -501.1600 139.8400
-9.1021553341e+00 -4.1237725538e+00 4.9829154783e+00
166 176 185
5 18 571 335.4000 136.9300 19 549 368.3400 112.4300 17 473 210.5100 144.4000 20 812 441.5699 131.4700 88 256 -60.8400 -180.0300
-2.6116574973e+01 -2.2832125577e+00 -2.7068269117e+00
107 116 118
3 18 407 -550.4900 176.3600 19 241 -568.1400 114.2900 17 486 -557.7800 192.6700
-2.5755536323e+01 -2.1893494818e+00 -2.3853005399e+00
72 76 75
4 18 410 -536.2200 182.3300 19 363 -551.0900 120.4200 17 487 -547.1200 198.8000 20 333 -509.6000 125.1300
-2.3590198607e+01 -2.0004454093e+00 -1.4703166350e+00
253 254 251
3 18 412 -439.2500 198.7600 19 375 -442.8600 141.0500 17 491 -466.6100 213.2900
2.0561053433e+01 8.9245994391e+00 -3.7731450802e+01
202 206 121
3 18 610 607.7300 395.1900 19 590 442.6000 365.4900 17 520 730.8000 399.0600
1.9136221875e+01 9.6097209839e+00 -3.9165780111e+01
122 131 88
4 18 621 565.0200 403.9200 19 863 400.6700 373.0000 17 534 686.5400 408.0000 88 202 678.0200 263.3100
2.0230813061e+01 1.0704347672e+01 -4.0038670514e+01
192 187 128
4 18 633 575.8500 422.8400 19 881 408.8101 390.9800 17 546 701.1300 427.8101 88 209 706.1700 305.8900
2.1100511847e+01 1.0842336138e+01 -3.9866614627e+01
158 174 85
5 18 634 594.2700 426.2500 19 612 424.9000 394.6900 17 549 721.2600 431.8800 20 585 286.1300 397.5100 88 148 746.9500 313.9300
2.2889606423e+01 1.1043176421e+01 -3.9334173934e+01
218 215 141
4 18 639 633.5699 432.8700 19 884 461.7000 400.8200 17 554 763.8199 438.8900 20 596 319.2700 404.6800
2.1717648269e+01 1.1842648242e+01 -4.0921418441e+01
119 127 78
4 18 641 594.3400 442.0100 19 628 422.9000 409.7800 17 556 724.2700 447.9200 88 153 749.6500 349.0600
1.4139959077e+01 1.2929672860e+01 -4.5569652044e+01
100 106 57
4 18 644 410.8800 444.1000 19 626 247.4301 408.3800 17 557 533.0601 448.3800 88 219 340.8400 354.2300
2.3493390663e+01 1.2233938472e+01 -4.0334397317e+01
200 198 118
4 18 649 633.3000 452.5500 19 906 458.2900 420.6400 17 564 766.3500 458.8500 20 921 314.8900 423.2300
2.3493390663e+01 1.2233938472e+01 -4.0334397317e+01
200 198 118
4 18 650 633.3000 452.5500 19 907 458.2900 420.6400 17 565 766.3500 458.8500 20 922 314.8900 423.2300
2.1664935888e+01 1.3391951802e+01 -4.3105487552e+01
188 186 116
3 18 658 570.4399 463.3600 19 648 397.1200 429.7100 17 573 702.4800 469.7100
-2.1283959585e+01 -4.9974935095e+00 1.3924833447e-01
198 176 165
4 18 787 -325.1400 60.9200 19 794 -306.1100 4.6500 17 697 -378.9100 83.4100 20 800 -231.0700 8.7100
-1.2030603046e+01 -3.9832851160e+00 3.2271698440e+00
67 68 68
3 18 795 157.4700 134.9700 19 803 188.6400 102.5800 17 702 50.9900 145.2100
-2.3943034649e+01 -3.2196235695e+00 -1.9709895983e+00
174 183 187
5 18 573 -450.5800 138.9500 19 538 -455.7000 78.7900 17 709 -474.8600 158.2200 20 319 -405.2700 81.7900 21 338 -336.9500 64.9400
-5.5227179967e+00 -2.4303738574e+00 6.6490345765e+00
187 171 189
3 18 1206 552.9900 242.1600 19 1193 571.8900 221.8100 17 726 420.1600 245.6100
2.1027094325e+01 8.9883572889e+00 -3.7648561642e+01
113 118 63
3 18 849 618.0000 396.8200 19 857 451.3400 367.7000 17 762 741.5100 400.5800
2.1027094325e+01 8.9883572889e+00 -3.7648561642e+01
113 118 63
3 18 850 618.0000 396.8200 19 858 451.3400 367.7000 17 763 741.5100 400.5800
2.3070979452e+01 1.0089989795e+01 -3.8263126896e+01
217 211 138
3 18 874 649.5300 417.3200 19 1273 477.9200 387.6100 17 787 779.0100 422.7700
2.3574220040e+01 1.0556150396e+01 -3.9003026374e+01
77 63 54
4 18 882 650.6600 423.8600 19 1282 476.8300 393.5700 17 792 782.0500 429.5800 20 1317 335.5100 396.8400
2.2345087438e+01 1.0725402579e+01 -3.9296244615e+01
230 219 164
4 18 883 624.2000 426.1400 19 1290 452.6400 395.5400 17 793 752.8300 431.6100 20 1321 312.3199 398.6200
2.3812738694e+01 1.0947206279e+01 -3.8773167989e+01
89 91 57
3 18 899 657.4399 433.0601 19 887 483.1300 402.4600 17 796 789.2900 439.2500
2.2467376568e+01 1.1455887268e+01 -4.0314594167e+01
228 219 132
4 18 904 614.9399 436.8400 19 890 442.5699 405.1800 17 801 745.3101 442.6400 20 1345 301.0200 408.1600
-2.5800769966e+01 3.2813211978e+01 -9.6662321825e+01
200 196 185
4 18 694 -350.5900 545.6700 19 679 -554.1200 494.0900 17 866 -178.6700 545.4900 20 660 -759.4600 505.0800
-1.6583430478e+01 -5.9790428175e-01 2.4586549628e+00
80 105 134
6 18 812 -92.1400 301.9100 19 818 -64.4900 260.2100 17 1037 -178.3500 306.2700 20 831 20.6000 275.2600 91 288 -430.8400 -22.8000 21 910 96.5700 262.4500
2.2222498548e+01 8.7827581674e+00 -3.6938867425e+01
213 212 138
3 18 2015 649.2600 395.2400 19 3294 480.6500 366.4500 17 1106 774.7600 399.8300
2.0047475571e+01 1.0958190265e+01 -4.0462053385e+01
211 207 135
