# Bundle file v0.3
110 7349
0 0 0
0 0 0
0 0 0
0 0 0
0 0 0
0 0 0
0 0 0
0 0 0
0 0 0
0 0 0
1.6532826810e+03 -1.2478755657e-01 1.4433716715e-01
-6.5733882594e-01 1.2796665288e-01 -7.4265079523e-01
-2.8685527419e-01 8.6880136888e-01 4.0360653253e-01
6.9686420455e-01 4.7833954173e-01 -5.3438896250e-01
-1.1423035034e+01 4.8881382032e+00 -3.6977208874e+01
1.6607701658e+03 -1.2932891618e-01 1.3252486234e-01
-5.0216247433e-01 1.4913684839e-01 -8.5181632400e-01
-2.9424475900e-01 8.9677673955e-01 3.3047163450e-01
8.1317456378e-01 4.1659294264e-01 -4.0644489044e-01
-9.6842298266e+00 4.1461495817e+00 -3.8598343349e+01
1.6643530637e+03 -1.4416467478e-01 1.6563767582e-01
-3.4197368063e-01 1.8054515752e-01 -9.2220249829e-01
-3.2268693376e-01 8.9913372244e-01 2.9568850495e-01
8.8256849283e-01 3.9870038284e-01 -2.4922050515e-01
-8.6656942091e+00 6.1678429901e+00 -4.2178380198e+01
1.6638778781e+03 -1.5523865752e-01 2.0569623606e-01
-2.0184390779e-01 1.8852717620e-01 -9.6110173277e-01
-3.2995102937e-01 9.1084920500e-01 2.4796379569e-01
9.2216666341e-01 3.6716648757e-01 -1.2164462709e-01
-7.7582710768e+00 5.9127069231e+00 -3.8606838613e+01
1.6627745082e+03 -1.4804446992e-01 1.6747184987e-01
-9.5141851488e-02 2.1296627583e-01 -9.7241626552e-01
-3.2500287906e-01 9.1667360572e-01 2.3255672250e-01
9.4091506349e-01 3.3816396309e-01 -1.7999371272e-02
-5.8603637855e+00 4.8534819136e+00 -3.4244853487e+01
1.6639932521e+03 -1.5922964446e-01 1.9416474580e-01
-2.6162108309e-02 2.2207393285e-01 -9.7467877398e-01
-3.1459556620e-01 9.2364319016e-01 2.1889012540e-01
9.4886520319e-01 3.1235624793e-01 4.5699021462e-02
-2.5550315821e+00 4.1528245618e+00 -3.1832677896e+01
1.6636376124e+03 -1.5902169732e-01 1.9340858421e-01
9.7212029733e-02 2.4284220891e-01 -9.6518261632e-01
-3.2033082278e-01 9.2580718459e-01 2.0067192362e-01
9.4230461383e-01 2.8967001661e-01 1.6778944014e-01
-4.8075707891e-01 3.7573240246e+00 -2.8822134752e+01
1.6638327541e+03 -1.5797575950e-01 1.8731082856e-01
2.4532545405e-01 2.0663355279e-01 -9.4716313086e-01
-2.7644338444e-01 9.5136587616e-01 1.3594861117e-01
9.2919022638e-01 2.2848532675e-01 2.9051674421e-01
1.2435057768e+00 2.4950449325e+00 -2.6652410097e+01
1.6648025840e+03 -1.6123643284e-01 1.9598381273e-01
3.9420965158e-01 1.9976174182e-01 -8.9704737729e-01
-2.6725153513e-01 9.5882546845e-01 9.6074648138e-02
8.7930391081e-01 2.0186373510e-01 4.3136488601e-01
3.3044417081e+00 2.6813803658e+00 -2.5313730838e+01
1.6656088930e+03 -1.6317074814e-01 2.0965740849e-01
5.7575645366e-01 2.1438200524e-01 -7.8901512147e-01
-2.7907316864e-01 9.5858777641e-01 5.6812335526e-02
7.6851979325e-01 1.8748288123e-01 6.1174136416e-01
4.0268016208e+00 3.3805487601e+00 -2.4487860534e+01
1.6638531614e+03 -1.3809931085e-01 1.5152445633e-01
7.1598095896e-01 1.6502980903e-01 -6.7833356731e-01
-2.2321603616e-01 9.7476777616e-01 1.5439429475e-03
6.6147249951e-01 1.5030949634e-01 7.3475246696e-01
5.7780006484e+00 4.0993425599e+00 -2.5464616124e+01
1.6721684986e+03 -1.7409159562e-01 2.2911741038e-01
8.1504404357e-01 1.4526775057e-01 -5.6089258123e-01
-1.7689641177e-01 9.8422714235e-01 -2.1428411785e-03
5.5173441667e-01 1.0096639494e-01 8.2788581372e-01
7.5924101995e+00 4.4131343962e+00 -2.7586250035e+01
1.6663384466e+03 -1.4489061858e-01 1.5737316176e-01
9.1648549414e-01 1.0259796890e-01 -3.8668849972e-01
-1.1723962514e-01 9.9299923502e-01 -1.4401026025e-02
3.8250386839e-01 5.8533546204e-02 9.2209794200e-01
8.0338807423e+00 4.4707537614e+00 -2.8914879003e+01
1.6674474111e+03 -1.5124079656e-01 1.7891804977e-01
9.4803267170e-01 8.8710600590e-02 -3.0555602223e-01
-1.0132772506e-01 9.9452239933e-01 -2.5649353923e-02
3.0160693877e-01 5.5277722137e-02 9.5182857066e-01
1.1542330792e+01 5.0336302924e+00 -3.0124639830e+01
1.6672719622e+03 -1.5506418062e-01 1.9906325440e-01
9.8527331827e-01 5.3606427870e-02 -1.6236637332e-01
-5.7510428024e-02 9.9815567430e-01 -1.9437091763e-02
1.6102496379e-01 2.8488607525e-02 9.8653908198e-01
1.2165797641e+01 5.1713101478e+00 -3.1987481497e+01
1.6639799307e+03 -1.4045918553e-01 1.6033803536e-01
9.9984128733e-01 -1.6803259439e-02 5.9203571154e-03
1.7029333153e-02 9.9903578991e-01 -4.0465939927e-02
-5.2346889603e-03 4.0560337203e-02 9.9916337857e-01
1.3036512022e+01 6.6310830633e+00 -3.3047348655e+01
1.6631624155e+03 -1.3788801451e-01 1.5208742998e-01
9.8818060848e-01 -4.1191758326e-02 1.4765610067e-01
4.6852160816e-02 9.9828627061e-01 -3.5062757048e-02
-1.4595876145e-01 4.1566343968e-02 9.8841705722e-01
1.4406501162e+01 6.6994822723e+00 -3.3562685495e+01
1.6651633272e+03 -1.6298795188e-01 2.1310229486e-01
9.5369280155e-01 -8.9984104286e-02 2.8700679653e-01
9.3415835856e-02 9.9562565299e-01 1.7437649175e-03
-2.8590824033e-01 2.5147963745e-02 9.5792695861e-01
1.4143847587e+01 6.6193383365e+00 -3.5583517739e+01
1.6599890401e+03 -1.4788108833e-01 1.6835650906e-01
8.9810129763e-01 -1.1279703385e-01 4.2507750864e-01
1.1871944772e-01 9.9284752570e-01 1.2628675492e-02
-4.2346162982e-01 3.9123137216e-02 9.0506885274e-01
1.4557184411e+01 7.2140016275e+00 -3.7237787612e+01
1.6494794613e+03 -1.3932978140e-01 1.5042163733e-01
8.0448902164e-01 -1.3214390640e-01 5.7908151591e-01
1.3441387369e-01 9.9014909459e-01 3.9213276404e-02
-5.7855883420e-01 4.6289939363e-02 8.1432605072e-01
1.4192579628e+01 7.3104889367e+00 -4.0102361258e+01
1.6339347863e+03 -1.0591607447e-01 7.4170320198e-02
6.7777181996e-01 -1.9174898179e-01 7.0982933727e-01
2.0949665793e-01 9.7574232402e-01 6.3545790005e-02
-7.0479536774e-01 1.0563732811e-01 7.0150142161e-01
1.2365228128e+01 1.0104150742e+01 -4.3508136685e+01
1.6467346449e+03 -5.2104079573e-02 4.5188971760e-02
5.4106739005e-01 -2.5197638167e-01 8.0234280860e-01
2.3087351934e-01 9.6190728591e-01 1.4639600879e-01
-8.0866772997e-01 1.0602960155e-01 5.7863133868e-01
1.1020334322e+01 1.0228689426e+01 -4.7337690873e+01
0 0 0
0 0 0
0 0 0
0 0 0
0 0 0
0 0 0
0 0 0
0 0 0
0 0 0
0 0 0
9.0760126600e+02 -3.3610313132e-01 3.1664488013e-01
1.5246135074e-01 2.6991523348e-01 -9.5073724197e-01
-2.5579274867e-01 9.3998152086e-01 2.2584244544e-01
9.5463375504e-01 2.0875944810e-01 2.1235321182e-01
-4.0935672237e+00 2.9920567887e+00 -1.3636554497e+01
1.3465608701e+03 -1.9847567066e-01 6.7663044444e-02
8.2240733193e-02 2.1232171192e-01 -9.7373299854e-01
-2.4760173801e-01 9.5076189670e-01 1.8640063070e-01
9.6536513358e-01 2.2576825826e-01 1.3076258037e-01
-1.4854572722e+00 3.3617136412e+00 -2.0405218763e+01
1.5656161612e+03 -4.5445536073e-01 -4.6532291815e-02
1.8631424615e-01 2.3472237766e-01 -9.5404004481e-01
-2.1388703254e-01 9.5744340125e-01 1.9378975903e-01
9.5892613845e-01 1.6795100124e-01 2.2858941837e-01
1.7651795774e+00 2.8995218291e+00 -2.3045269011e+01
1.5167024332e+03 -7.5291016631e-02 -1.0085529468e-01
3.1145169901e-01 2.4607343996e-01 -9.1784840869e-01
-1.8873728447e-01 9.6266546243e-01 1.9404495587e-01
9.3133027259e-01 1.1279658502e-01 3.4626702668e-01
3.8388912784e+00 2.8571422217e+00 -2.1597763342e+01
6.6186785731e+03 -1.4879518260e-02 -6.6475498699e-04
5.0055049970e-01 1.9211528065e-01 -8.4412138712e-01
-9.7871617024e-02 9.8137235599e-01 1.6531619849e-01
8.6015716228e-01 -1.3358064254e-04 5.1002905636e-01
4.2371767034e+00 2.9023083771e+00 -9.7542717621e+01
2.1361679932e+03 -8.4225280849e-03 8.1558624589e-03
7.8676291456e-01 1.1566257808e-01 -6.0632193124e-01
-9.4767331779e-02 9.9327529755e-01 6.6508165755e-02
6.0993710258e-01 5.1333532919e-03 7.9243320197e-01
5.5574523669e+00 3.3692479405e+00 -3.1114835398e+01
1.3246599796e+03 -1.3707566076e-01 -1.3805870478e-02
8.4355126384e-01 7.3793458666e-02 -5.3195468860e-01
-8.6838888013e-02 9.9622224711e-01 4.9183038499e-04
5.2998138910e-01 4.5779469489e-02 8.4677267751e-01
7.7228154084e+00 2.9905418300e+00 -1.8004310300e+01
0 0 0
0 0 0
0 0 0
0 0 0
0 0 0
0 0 0
0 0 0
0 0 0
0 0 0
0 0 0
0 0 0
0 0 0
0 0 0
0 0 0
0 0 0
0 0 0
0 0 0
0 0 0
0 0 0
0 0 0
0 0 0
0 0 0
0 0 0
0 0 0
0 0 0
0 0 0
0 0 0
0 0 0
0 0 0
0 0 0
0 0 0
0 0 0
0 0 0
0 0 0
0 0 0
0 0 0
0 0 0
0 0 0
0 0 0
0 0 0
1.6586253027e+03 -1.4765466954e-01 1.7700245601e-01
-6.0659334697e-02 2.3291482071e-01 -9.7060348825e-01
-3.6420847015e-01 9.0018712505e-01 2.3877883104e-01
9.2933989228e-01 3.6798617661e-01 3.0224798419e-02
-3.8488946706e+00 -2.5311129090e+00 -7.4505206749e+00
1.6496273546e+03 -1.3623958314e-01 1.4966934853e-01
3.9150329456e-02 2.0089092280e-01 -9.7883098073e-01
-4.2166384762e-01 8.9141216457e-01 1.6608417283e-01
9.0590664603e-01 4.0623538742e-01 1.1960751938e-01
-3.6933578849e-01 -1.4606470275e+00 -8.6971957218e+00
1.6597802294e+03 -1.5078612287e-01 1.7820433238e-01
1.3478596293e-01 2.0301339988e-01 -9.6985478483e-01
-3.0201101564e-01 9.4063161683e-01 1.5492420037e-01
9.4372776299e-01 2.7202522106e-01 1.8809622132e-01
-9.5461413418e-01 -2.6511002758e+00 -8.2863228466e+00
1.6646066830e+03 -1.7421267508e-01 2.0883345117e-01
3.5040480736e-01 2.5013218901e-01 -9.0257983525e-01
-3.9051100745e-01 9.1493571765e-01 1.0194991725e-01
8.5130348528e-01 3.1674361965e-01 4.1827724701e-01
2.2265913290e+00 -1.3283079104e+00 -8.5485152488e+00
1.6593685192e+03 -1.6136793554e-01 1.9738161411e-01
3.8467448646e-01 1.8757630670e-01 -9.0379238137e-01
-2.8097055792e-01 9.5646590741e-01 7.8920932271e-02
8.7925029715e-01 2.2358018055e-01 4.2063145130e-01
2.3343805513e+00 -2.1382637074e+00 -8.3231441466e+00
1.6570822378e+03 -1.2853284988e-01 1.3669065677e-01
7.3134721621e-01 1.5747196094e-01 -6.6357654484e-01
-2.3754503750e-01 9.7086854425e-01 -3.1410586428e-02
6.3929930745e-01 1.8060136017e-01 7.4744869001e-01
4.9172910474e+00 -7.8708363848e-01 -1.0359242595e+01
0 0 0
0 0 0
0 0 0
0 0 0
0 0 0
0 0 0
0 0 0
0 0 0
0 0 0
0 0 0
1.5729230677e+03 -1.5224065094e-01 3.0428358240e-01
8.9451239942e-01 -1.5504170955e-01 4.1929659620e-01
1.1857388114e-01 9.8662443736e-01 1.1185908245e-01
-4.3103109168e-01 -5.0341711479e-02 9.0093169003e-01
6.3326828622e+00 4.4189628549e+00 -1.5175152381e+01
0 0 0
0 0 0
0 0 0
0 0 0
0 0 0
0 0 0
0 0 0
0 0 0
0 0 0
0 0 0
0 0 0
0 0 0
0 0 0
0 0 0
0 0 0
0 0 0
0 0 0
0 0 0
0 0 0
0 0 0
0 0 0
0 0 0
0 0 0
0 0 0
0 0 0
0 0 0
0 0 0
0 0 0
0 0 0
0 0 0
1.9934945358e+03 1.9002589789e-02 -2.5467542476e-03
6.7030301160e-01 1.3749763811e-01 -7.2923814502e-01
-2.7373585372e-01 9.5919872111e-01 -7.0756595568e-02
6.8975543131e-01 2.4704698529e-01 6.8059182484e-01
2.2229660481e+00 1.3030442660e+00 -9.9458338202e+00
1.6960258440e+03 -6.2132354919e-02 2.1261337298e-01
8.1406419880e-01 6.4853776471e-02 -5.7714250225e-01
-1.1607643116e-01 9.9186392900e-01 -5.2270531584e-02
5.6905688851e-01 1.0954421035e-01 8.1496890961e-01
5.3776965336e+00 1.7370989084e+00 -9.7823090829e+00
0 0 0
0 0 0
0 0 0
0 0 0
0 0 0
0 0 0
0 0 0
0 0 0
0 0 0
0 0 0
0 0 0
0 0 0
0 0 0
0 0 0
0 0 0
0 0 0
0 0 0
0 0 0
0 0 0
0 0 0
0 0 0
0 0 0
0 0 0
0 0 0
0 0 0
0 0 0
0 0 0
0 0 0
0 0 0
0 0 0
0 0 0
0 0 0
0 0 0
0 0 0
0 0 0
0 0 0
0 0 0
0 0 0
0 0 0
0 0 0
0 0 0
0 0 0
0 0 0
0 0 0
0 0 0
1.6602337861e+03 -1.6380625781e-01 1.9982445244e-01
2.1035736836e-01 2.5940196633e-01 -9.4258177228e-01
-3.4162365374e-01 9.2287718173e-01 1.7773853450e-01
9.1599293490e-01 2.8461961863e-01 2.8275186279e-01
-3.5747057580e+00 -5.4150560598e+00 -9.2288538929e-01
0 0 0
0 0 0
0 0 0
0 0 0
0 0 0
0 0 0
0 0 0
0 0 0
0 0 0
0 0 0
0 0 0
0 0 0
0 0 0
0 0 0
0 0 0
1.6544497436e+03 -1.3463153125e-01 1.4366145379e-01
3.8682773898e-01 2.8159755783e-01 -8.7810427387e-01
-3.4809338550e-01 9.2637557276e-01 1.4373341005e-01
8.5392932689e-01 2.5006221949e-01 4.5637001551e-01
4.5724514264e+00 -4.7363822300e+00 -1.8985336504e+00
1.6690178678e+03 -1.3913969472e-01 1.4649576795e-01
8.0104908815e-01 1.6365890678e-01 -5.7579173371e-01
-2.2485576931e-01 9.7372466157e-01 -3.6057821148e-02
5.5476142745e-01 1.5835417800e-01 8.1680090164e-01
1.1043022878e+01 -4.2356765554e+00 -1.7330144292e+00
0 0 0
0 0 0
0 0 0
0 0 0
0 0 0
1.6834512044e+03 -1.2309684329e-01 1.0237436828e-01
7.8201840021e-01 -6.1237120829e-01 1.1596863801e-01
6.1919255556e-01 7.8456397078e-01 -3.2556948321e-02
-7.1047877341e-02 9.7267049975e-02 9.9271915470e-01
1.2200192323e+01 4.9095785732e+00 -5.4858343036e+00
0 0 0
0 0 0
0 0 0
0 0 0
0 0 0
0 0 0
0 0 0
0 0 0
0 0 0
0 0 0
0 0 0
0 0 0
0 0 0
0 0 0
0 0 0
0 0 0
0 0 0
0 0 0
0 0 0
0 0 0
4.7553551854e+03 7.6753000935e-02 1.3358349300e-03
-3.1881246830e-01 1.7493320720e-01 -9.3153474604e-01
-1.7828965198e-01 9.5420760954e-01 2.4020957076e-01
9.3089817384e-01 2.4266481184e-01 -2.7302450264e-01
-4.4142048333e+00 -5.7285864617e-01 -4.6741788268e+01
4.7427800961e+03 5.4233024428e-02 6.9005719672e-04
-2.0195440359e-01 2.1304081514e-01 -9.5594352864e-01
-1.5482808173e-01 9.5683710425e-01 2.4594922451e-01
9.6707946105e-01 1.9767743173e-01 -1.6025276599e-01
-1.0456504338e+01 -1.5221947503e+00 -4.5837770437e+01
4.7448467809e+03 5.5018077203e-02 -4.0472969833e-03
3.8173868190e-02 2.3772541929e-01 -9.7058198047e-01
-1.4414911903e-01 9.6244093262e-01 2.3006191056e-01
9.8881939062e-01 1.3112618438e-01 7.1008003065e-02
-2.2472543992e+00 -1.2718499477e+00 -4.2920579769e+01
4.7885173270e+03 -5.9921409997e-02 1.0138103251e-04
2.7608522950e-01 2.6968545132e-01 -9.2252192570e-01
-1.7660940382e-01 9.5771886230e-01 2.2712045101e-01
9.4476773047e-01 1.0022144546e-01 3.1204101868e-01
2.2894382395e+00 3.1017705430e-01 -4.1932710544e+01
4.7439596503e+03 8.0219904721e-02 4.2135207267e-04
5.2811664949e-01 1.7923147654e-01 -8.3004149435e-01
-1.3638335038e-01 9.8268510508e-01 1.2541756650e-01
8.3814818873e-01 4.6968734945e-02 5.4341655447e-01
3.2098939701e+00 1.1237121736e-01 -4.0256634959e+01
4.7544806973e+03 7.9334527372e-02 2.2934130540e-03
6.8915885171e-01 6.4693304424e-02 -7.2171660191e-01
-4.2367108190e-02 9.9790010298e-01 4.8994005989e-02
7.2337065551e-01 -3.1876075524e-03 6.9045255732e-01
6.2708066040e+00 6.0489403641e-01 -4.0837201306e+01
4.7549632448e+03 4.0903018858e-02 5.8607529422e-03
8.4890778501e-01 1.3363052272e-01 -5.1136919729e-01
-6.8203184581e-02 9.8711769329e-01 1.4473073346e-01
5.2412202602e-01 -8.7986038610e-02 8.4708592176e-01
9.4203999570e+00 1.0261398311e+00 -5.7206983510e+01
4.7655355498e+03 6.7940365401e-02 1.5675775056e-03
9.8777100863e-01 4.7846451248e-02 -1.4838851574e-01
-2.5834307102e-02 9.8881909833e-01 1.4686517409e-01
1.5375637573e-01 -1.4123564666e-01 9.7796291803e-01
8.0477181637e+00 3.4560170576e-01 -5.1220551274e+01
4.7555272136e+03 9.4874331741e-02 5.7744895572e-03
9.5250443781e-01 7.8144317996e-02 -2.9432764314e-01
-2.9239726509e-02 9.8551807620e-01 1.6703041601e-01
3.0311769058e-01 -1.5049115271e-01 9.4099525961e-01
1.5902087211e+01 -7.0142908595e-01 -4.9284133503e+01
4.7489341212e+03 7.3704507657e-02 1.2984348947e-03
9.6332062561e-01 -4.7713853783e-02 2.6407718652e-01
8.2459149444e-03 9.8886459329e-01 1.4858943777e-01
-2.6822635435e-01 -1.4096171213e-01 9.5298710303e-01
7.3107660175e+00 1.5242294313e+00 -5.2207255793e+01
4.7450505480e+03 7.6259721340e-02 1.6564202181e-03
9.9932447792e-01 3.0924173516e-02 1.9856568565e-02
-3.3789484471e-02 9.8562413302e-01 1.6553953953e-01
-1.4451939732e-02 -1.6609865713e-01 9.8600323404e-01
2.0581681140e+01 -1.8502868389e-01 -4.8601148221e+01
0 0 0
0 0 0
0 0 0
0 0 0
0 0 0
4.7552510504e+03 4.2824819704e-02 2.8500780767e-03
7.5704526020e-01 -1.8038077324e-01 6.2796914785e-01
4.9349705568e-02 9.7417545197e-01 2.2033337320e-01
-6.5149603266e-01 -1.3581224329e-01 7.4639664656e-01
6.7828663451e+00 6.9917820346e-01 -6.4964279699e+01
0 0 0
0 0 0
0 0 0
0 0 0
0 0 0
0 0 0
0 0 0
0 0 0
0 0 0
0 0 0
4.1312226351e+03 -4.7350102742e-01 -9.6227944329e-03
1.8408995133e-02 3.0743625027e-01 -9.5139059325e-01
1.6179149121e-02 9.5133565290e-01 3.0773155614e-01
9.9969962690e-01 -2.1057719000e-02 1.2539076466e-02
-1.4831126210e+00 -1.7637935428e-01 -4.0318338661e+01
4.4309485040e+03 -1.1528552377e-01 -1.8085221533e-03
2.1070225846e-01 2.7580292807e-01 -9.3783650129e-01
8.7690536612e-03 9.5880231390e-01 2.8393877255e-01
9.7751095236e-01 -6.8050479247e-02 1.9960328228e-01
3.1105197760e+00 2.9960242633e-02 -4.2314047820e+01
6.6758104404e+04 -1.1106467914e-03 -4.7672412189e-08
4.2285450123e-01 2.2492325826e-01 -8.7784030363e-01
-1.1736017209e-01 9.7414178588e-01 1.9306571680e-01
8.9856589118e-01 2.1384781718e-02 4.3831727129e-01
4.8959057776e+00 -7.1157490096e-01 -6.6333139607e+02
5.2897568003e+03 7.6763033780e-02 -6.2734172256e-03
7.8815222010e-01 1.2939848205e-01 -6.0172428137e-01
-1.1919105239e-02 9.8067539352e-01 1.9527853818e-01
6.1536494285e-01 -1.4673719837e-01 7.7446380272e-01
1.0074718486e+01 -1.9474283518e-01 -5.0262419294e+01
1.6691166862e+03 -1.8393361622e+00 5.6732660335e-03
-2.2422010031e-01 1.4660503736e-01 -9.6344813542e-01
-7.2283636586e-02 9.8339477426e-01 1.6646258991e-01
9.7185411585e-01 1.0696579350e-01 -2.0989972968e-01
4.3712353218e+00 4.2323549533e-01 -1.1501798074e+01
0 0 0
0 0 0
0 0 0
0 0 0
0 0 0
0 0 0
0 0 0
0 0 0
0 0 0
0 0 0
0 0 0
0 0 0
0 0 0
0 0 0
0 0 0
0 0 0
0 0 0
0 0 0
0 0 0
0 0 0
0 0 0
0 0 0
0 0 0
0 0 0
0 0 0
0 0 0
0 0 0
0 0 0
0 0 0
0 0 0
0 0 0
0 0 0
0 0 0
0 0 0
0 0 0
1.6636636113e+03 -1.2620882189e-01 1.3052946766e-01
-4.4998388969e-01 2.3542434970e-01 -8.6144638521e-01
-2.7924354002e-01 8.7916200010e-01 3.8613109553e-01
8.4825558907e-01 4.1430611044e-01 -3.2986800765e-01
-6.1193050841e+00 7.4478063098e+00 -6.0782608587e+01
1.6661822122e+03 -1.2472757631e-01 1.3333048211e-01
-1.8581086851e-01 2.6338025551e-01 -9.4662831257e-01
-2.9455058183e-01 9.0416918540e-01 3.0938332037e-01
9.3739760822e-01 3.3631670370e-01 -9.0425654120e-02
6.8031559225e+00 1.3229348975e+01 -8.9071862871e+01
1.6819920599e+03 -1.1006311968e-01 1.7521488737e-01
-8.6801413441e-02 2.7090871035e-01 -9.5868346459e-01
-3.0253413741e-01 9.0970108044e-01 2.8445920611e-01
9.4917786022e-01 3.1472593617e-01 2.9957934134e-03
1.5405684366e+01 1.9922083629e+01 -1.1150627519e+02
1.6675559859e+03 -1.4191478021e-01 1.6162006145e-01
3.3165530221e-02 2.5146475398e-01 -9.6729805392e-01
-3.2814423821e-01 9.1691839607e-01 2.2711674064e-01
9.4404523543e-01 3.0988083590e-01 1.1292679491e-01
1.0557377631e+01 1.7278654590e+01 -7.6878673071e+01
-2.2420566974e+01 -2.0543680250e+00 -2.2710738908e+00
23 22 25
8 18 269 -404.3000 185.7900 19 247 -405.0100 130.4300 17 345 -436.5900 199.6500 20 137 -348.2700 137.6300 16 475 -420.7900 193.7200 21 164 -275.6900 123.5600 87 250 -406.2100 -202.9100 89 112 -182.8800 -172.4200
-3.7771831998e+01 3.2029881803e+01 -1.0109598718e+02
192 190 175
5 18 967 -503.0700 519.9900 19 941 -720.0200 465.7700 17 852 -319.3000 519.7200 16 1168 -83.0900 496.4900 12 832 708.6500 587.0300
-2.0020847633e+01 2.2114528189e+01 -6.6695958881e+01
130 128 100
13 18 2250 -275.9500 516.8800 19 2153 -456.3900 466.3000 17 1916 -128.7800 517.4600 20 1440 -628.2000 475.5500 16 1709 73.1900 487.2300 15 1632 248.5100 513.1300 14 1795 300.5100 503.9200 13 1789 565.8900 530.1200 86 547 -30.2000 502.7700 12 1246 771.8700 574.6300 87 602 714.1600 413.8000 89 452 -2.5600 453.1400 74 1426 -600.9100 292.3700
-7.1228750809e+00 -3.5341063577e+00 4.6855129108e+00
214 232 217
16 18 6644 480.2200 156.9200 19 3151 507.5100 138.1000 17 5451 347.6200 161.9300 20 6197 571.6400 158.6000 88 758 193.9500 -139.4000 16 4193 242.9200 113.9600 91 1148 420.2400 -173.3400 21 5906 584.0100 152.7300 14 3711 -40.8900 104.3700 13 4001 -80.6000 130.0000 86 1192 14.3800 -230.1900 12 3806 -187.5000 136.8900 87 678 766.5300 -328.1300 85 2748 41.7300 -109.5600 84 977 -249.5500 -266.8600 49 269 498.6400 123.8200
-3.6884988859e+01 3.3180313756e+01 -9.9948690686e+01
187 187 172
5 18 975 -494.1800 539.3300 19 953 -710.8400 485.8300 17 1260 -310.9100 538.2600 15 1095 122.7600 540.9200 13 1231 490.9800 559.4800
-3.6884988859e+01 3.3180313756e+01 -9.9948690686e+01
187 187 172
5 18 976 -494.1800 539.3300 19 954 -710.8400 485.8300 17 1261 -310.9100 538.2600 15 1096 122.7600 540.9200 13 1232 490.9800 559.4800
-2.0016553001e+01 2.2101834116e+01 -6.6651944733e+01
130 128 100
11 18 2251 -275.9500 516.8800 19 2154 -456.3900 466.3000 17 1917 -128.7800 517.4600 16 1710 73.1900 487.2300 15 1634 248.5100 513.1300 14 1797 300.5100 503.9200 13 1791 565.8900 530.1200 86 548 -30.2000 502.7700 87 603 714.1600 413.8000 89 453 -2.5600 453.1400 74 1427 -600.9100 292.3700
-2.0232425369e+01 2.2235413738e+01 -6.6650157679e+01
253 242 218
10 18 4028 -279.7600 518.8700 19 3581 -460.3400 468.3900 17 3246 -132.4000 519.5000 20 3788 -632.4000 477.7200 16 2716 69.7700 489.2300 15 2651 245.1899 515.2000 13 2897 562.1899 532.1700 86 1131 -38.3000 508.2100 87 1242 706.0699 419.1400 89 634 -11.0900 459.1400
-2.3555902035e+01 -2.4904387909e+00 -2.8141495434e+00
181 191 195
7 18 403 -457.7700 159.7200 19 356 -463.8800 100.6100 17 479 -481.0600 176.5100 21 232 -344.2700 89.1800 89 200 -289.6000 -217.2700 22 248 -286.4400 143.2700 23 204 -182.3300 109.4300
-1.1666721615e+01 -3.2726835898e+00 2.6341508685e+00
149 164 172
15 18 95 190.8500 158.6000 19 89 224.9399 127.7100 17 138 79.2200 166.3600 88 47 -316.2100 -144.5400 16 212 4.5600 132.7000 91 58 16.2100 -212.7300 15 295 -31.1700 150.8500 21 168 352.9500 136.8800 14 309 -214.0800 133.1200 86 89 -384.8200 -211.1100 87 111 357.6500 -301.2300 85 320 -178.5900 -84.1500 22 182 334.7200 223.0700 23 216 340.7100 212.8300 49 11 -507.9100 22.5800
-9.1559059761e+00 -3.1622552657e+00 3.7939193450e+00
221 228 232
11 18 172 349.1000 171.2000 19 147 380.6400 145.7500 17 220 223.4800 178.7400 88 84 -36.9500 -116.2400 16 214 131.6400 138.8900 91 144 240.0900 -174.2400 15 217 80.5500 156.0100 14 310 -123.1000 137.9100 86 128 -168.0000 -191.6700 87 151 577.1300 -285.5100 49 38 46.4100 127.7300
-2.2855525406e+01 -1.7498666977e+00 -2.3925400455e+00
75 73 72
5 18 273 -426.3900 199.9700 19 253 -429.2000 143.3100 20 141 -375.7700 150.8600 21 169 -303.2200 136.8200 89 115 -222.3100 -144.3400
-1.0045113791e+01 -3.5341169221e+00 3.2777866165e+00
212 209 200
9 18 256 291.5900 145.7700 19 244 324.5400 118.6100 17 216 170.6500 154.5500 20 214 399.6200 136.1900 16 207 84.5600 118.0300 15 288 38.8600 135.7000 14 424 -155.5600 116.5100 87 145 498.4000 -322.2400 49 32 -148.6500 21.6100
-1.1320704094e+01 -3.2712953886e+00 2.8177101322e+00
66 68 72
13 18 402 213.8800 159.1400 19 369 247.9600 129.0800 17 335 98.2800 167.1900 20 526 327.2400 146.7000 16 316 20.3900 133.4500 91 283 48.8500 -208.0800 15 403 -18.3600 152.7800 21 577 372.9500 139.2500 14 429 -203.4900 135.0400 86 203 -354.9700 -209.5700 87 232 387.7500 -300.5300 22 968 351.0601 225.8000 49 51 -432.2300 33.2900
-3.2347520820e+01 3.3929235024e+01 -9.7775109045e+01
247 245 233
5 18 700 -437.8000 557.5000 19 458 -650.3000 504.8900 17 610 -258.7600 556.6700 15 509 172.2600 558.0300 14 553 248.7600 549.1100
-2.2645456398e+01 -3.5237766131e+00 -2.6809308670e+00
204 208 212
7 18 790 -410.5900 110.1000 19 534 -410.8400 51.0000 20 506 -356.3700 53.7900 21 551 -286.3000 37.7200 89 273 -207.9200 -315.2700 22 600 -230.8100 96.1500 23 528 -132.3200 66.6100
-8.9733286407e+00 -3.9119229461e+00 3.7446422678e+00
162 170 181
10 18 569 359.7200 129.1300 19 548 391.9100 106.0600 17 469 233.9600 136.4700 20 518 463.4500 125.8000 88 255 -16.6100 -193.4700 16 636 139.7600 95.2000 91 389 259.4399 -232.3200 15 565 87.3600 110.2400 14 623 -116.6300 90.2600 49 83 98.2600 -17.6600
-2.3114974339e+01 -1.7366115279e+00 -2.4547444568e+00
253 254 251
7 18 413 -439.2500 198.7600 19 376 -442.8600 141.0500 17 492 -466.6100 213.2900 16 481 -444.6600 207.8300 15 418 -407.9200 238.9100 14 667 -506.4100 226.0500 85 459 -612.7700 36.7200
-3.4569846893e+01 3.6205811816e+01 -9.7735295019e+01
190 187 179
6 18 706 -468.8200 587.4200 19 686 -684.6800 536.0400 17 614 -287.5100 584.4600 16 832 -50.3200 558.2300 15 753 147.5000 585.8300 14 802 224.5200 576.9200
-7.4418184297e+00 -2.6697855671e+00 4.9488997020e+00
221 230 231
11 18 585 467.5699 208.4600 19 560 495.5000 187.1600 17 490 332.3900 212.9100 20 530 563.3800 205.9400 88 128 168.7500 -49.8600 16 467 228.1300 165.7300 91 215 402.6700 -101.6300 15 581 163.3400 180.7200 21 904 579.0601 196.8400 14 965 -60.0500 161.6200 85 878 17.0300 -29.2200
-2.1089244641e+01 -2.4836395292e+00 -1.5195374485e+00
121 137 146
8 18 582 -337.7800 169.6400 19 551 -328.9600 116.2800 17 715 -383.1000 183.9800 16 960 -380.5500 175.5500 15 1393 -356.8700 205.0900 14 1519 -468.2500 191.2300 87 359 -328.9800 -234.1000 89 275 -57.6800 -208.1700
-4.2874980027e+00 2.6410662124e+01 -8.2489689283e+01
144 140 140
10 18 2252 -44.4000 518.5800 19 2158 -232.5400 471.5000 17 1920 112.5700 521.4100 20 2258 -407.8800 477.2700 16 1707 329.5900 483.3800 15 2647 526.3400 508.5900 14 1792 598.8600 500.8500 86 550 606.6400 505.3400 89 451 547.6500 435.9500 74 1000 -334.0200 503.8600
-5.1086745812e+00 -1.4767413539e+00 5.1163153516e+00
239 243 243
7 18 3473 596.6100 282.0600 19 5783 606.3101 261.4200 17 2842 468.1200 285.1600 16 2379 369.3000 231.1400 15 2359 308.0800 243.0400 14 2396 77.2700 223.2500 86 1235 221.4700 -23.6200
7.3069436531e+00 2.5097444634e+01 -7.5339425501e+01
236 237 221
5 18 332 143.9900 528.1500 19 306 -41.7400 484.2400 17 281 296.7700 531.8400 16 269 514.2700 488.0200 15 184 720.3500 513.2000
-9.7816213797e+00 -3.8970520184e+00 3.2314992634e+00
8 9 11
9 18 157 306.0500 127.1300 19 134 338.2800 101.6700 17 130 185.8500 135.1300 20 130 411.6000 120.9800 88 43 -110.1400 -199.6700 16 201 98.3600 97.0600 91 85 181.1000 -244.7300 15 211 51.6100 113.6000 49 26 -92.8000 -44.9300
-9.7806203760e+00 -3.8963095886e+00 3.2232214223e+00
8 9 11
9 18 158 306.0500 127.1300 19 135 338.2800 101.6700 17 131 185.8500 135.1300 88 44 -110.1400 -199.6700 16 202 98.3600 97.0600 15 212 51.6100 113.6000 86 122 -221.6000 -270.0600 87 143 522.1801 -363.8300 49 27 -92.8000 -44.9300
-8.5260635465e+00 -3.3064184965e+00 3.9867479590e+00
16 17 17
10 18 168 387.1400 165.7000 19 146 417.1100 142.5400 17 139 260.2700 171.7600 20 142 487.3300 161.4000 88 83 31.5400 -127.8500 16 211 165.5500 128.0000 91 89 291.9600 -175.6500 15 214 111.9300 141.5800 87 110 635.8101 -306.2800 49 37 180.3400 121.5800
-2.2775111599e+01 -3.2781384869e+00 -2.7118711842e+00
18 20 22
4 18 250 -417.6000 122.5700 19 223 -418.8700 63.8000 17 320 -446.5600 141.9000 89 101 -219.2800 -291.9200
-2.3549780265e+01 -3.2487349567e+00 -3.0494949980e+00
249 250 252
6 18 392 -454.0100 121.9900 19 348 -459.6700 60.9000 17 321 -476.8200 142.0000 16 460 -454.2300 142.5800 21 336 -342.8200 44.5800 89 193 -291.7200 -289.8700
-2.3490896728e+01 -2.0416373765e+00 -2.6859403644e+00
225 232 236
3 18 409 -456.1800 182.9300 19 368 -462.1700 124.8900 20 212 -411.0900 130.2200
-2.8735654221e+01 2.9527784975e+01 -9.6547676547e+01
163 165 155
3 18 324 -389.1700 505.7200 19 300 -595.0200 452.0100 15 358 208.9500 506.2400
7.2840326844e+00 2.6872350854e+01 -7.4408231316e+01
182 180 175
6 18 699 145.4400 558.6600 19 681 -40.5800 515.0000 17 611 298.4800 562.8000 20 663 -207.9600 518.8700 16 576 517.5100 519.6200 15 367 724.5000 546.7600
-2.2442547690e+01 -2.6604408983e+00 -2.3557069904e+00
254 255 252
5 18 260 -403.4200 154.2300 19 235 -403.0600 97.1000 17 337 -436.0700 171.7500 16 324 -421.3400 167.8500 15 412 -388.7700 199.4600
-2.2653878332e+01 -3.5210237612e+00 -2.6684716440e+00
204 208 212
6 18 791 -410.5900 110.1000 19 535 -410.8400 51.0000 20 507 -356.3700 53.7900 21 552 -286.3000 37.7200 22 601 -230.8100 96.1500 23 529 -132.3200 66.6100
-9.2109810998e+00 -3.9842670318e+00 3.6182878925e+00
162 169 181
9 18 567 344.6100 124.2500 19 543 377.2700 100.4700 17 467 219.9800 131.8200 20 807 449.7000 119.9400 88 253 -43.6100 -202.7200 16 635 127.0600 91.3100 91 385 239.1400 -242.4700 15 563 75.9200 106.7800 49 81 46.1700 -40.3900
-1.2166841246e+01 -3.6350730812e+00 2.0155440299e+00
67 68 68
4 18 794 157.4700 134.9700 19 802 188.6400 102.5800 16 452 -18.1700 114.2800 15 569 -48.2400 134.7400
-2.2990509073e+01 -3.4416782794e+00 -2.8774311252e+00
251 251 250
8 18 249 -427.0900 113.6900 19 221 -429.4000 52.8900 17 319 -454.0000 134.5200 20 200 -377.0800 53.8000 16 457 -435.7400 134.4900 15 574 -399.5000 167.4300 87 227 -441.3900 -316.0500 89 146 -239.9900 -309.4400
-2.2362894273e+01 -3.0113833705e+00 -2.4871063132e+00
43 44 46
8 18 254 -398.0500 136.8100 19 226 -397.6100 79.0800 17 328 -430.7400 154.6800 20 122 -342.3000 83.3300 16 462 -416.6600 151.8400 15 584 -384.7200 184.2400 87 234 -402.4100 -281.2400 89 103 -179.8500 -265.6000
-2.2141966745e+01 -2.2358148127e+00 -2.1329198296e+00
173 182 190
9 18 406 -390.4400 177.9000 19 366 -388.5700 122.4400 17 485 -425.3200 192.3900 20 211 -330.4000 129.3300 16 658 -412.2200 185.9300 15 599 -381.1800 216.0700 21 238 -256.9500 115.1900 87 364 -390.6900 -216.3400 89 155 -157.2200 -189.0100
-2.3665873054e+01 -2.2113261845e+00 -2.8340955001e+00
26 26 30
9 18 267 -463.4800 173.7300 19 239 -470.8100 115.2700 17 339 -485.7600 189.0800 20 131 -421.4600 120.4200 16 470 -460.5200 186.3300 15 600 -421.0700 218.0200 21 161 -352.5800 105.2700 87 246 -484.4600 -217.4900 89 110 -298.6300 -190.1900
-2.3664394621e+01 -2.2144559647e+00 -2.8277514301e+00
26 26 30
8 18 268 -463.4800 173.7300 19 240 -470.8100 115.2700 17 340 -485.7600 189.0800 20 132 -421.4600 120.4200 16 471 -460.5200 186.3300 15 601 -421.0700 218.0200 87 247 -484.4600 -217.4900 89 111 -298.6300 -190.1900
-2.2611948960e+01 -1.7798328284e+00 -2.1863439442e+00
213 221 225
5 18 805 -414.8500 199.5000 19 810 -415.8400 143.8400 20 822 -359.1600 151.7500 21 895 -285.8000 137.9300 89 351 -200.1100 -145.5600
-2.4610579823e+01 -5.6511325926e+00 4.5968374018e+01
77 67 78
2 18 1915 313.9399 180.0500 19 3150 -469.0200 136.5600
-1.7115432685e+01 -4.2259934088e-01 9.8306982034e-01
253 255 255
10 18 1210 -129.1500 298.9100 19 1196 -103.7200 255.7600 17 1036 -210.4100 304.0800 20 1232 -19.7700 270.2800 16 979 -239.1200 280.9000 91 595 -491.0600 -31.3300 15 910 -241.1900 305.3600 87 496 -63.7600 -38.8600 89 352 349.1200 13.9900 22 2461 81.5800 324.2500
-3.6157347737e+01 3.4129790541e+01 -9.9767651227e+01
204 198 187
5 18 1417 -485.4700 551.7100 19 1404 -701.5000 498.9399 17 1266 -302.5800 550.6801 16 1197 -66.5900 525.2700 15 1676 132.2000 554.2200
-2.3908680352e+01 -2.3737122661e+00 -2.9783802505e+00
252 251 249
7 18 1912 -474.5300 164.9600 19 1857 -482.6700 104.7000 20 1213 -435.2100 109.2200 15 2342 -425.8800 212.0400 21 3372 -366.4200 91.7300 87 956 -499.0400 -228.9600 89 662 -322.0700 -206.7600
-2.1533136651e+01 2.6397252655e+01 -6.6356417441e+01
94 90 81
5 18 7527 -305.0400 590.9399 19 3601 -489.7000 541.5500 17 6381 -155.4900 588.9100 16 4900 51.4300 558.0400 15 4722 228.7200 585.5601
-2.0370279569e+01 -3.3637074484e+00 -2.2864190546e+00
10 12 11
5 18 6 -295.8100 123.8600 19 6 -289.2400 71.2900 17 10 -342.7300 139.3400 20 4 -234.4500 78.0600 16 11 -339.3900 132.3500
-9.0545815422e+00 -3.6028800757e+00 3.6873086443e+00
166 177 183
4 18 23 353.5000 146.9400 19 21 384.3900 123.4900 17 19 229.4200 153.3100 16 20 135.9700 111.3000
-9.1568761149e+00 -3.7744582613e+00 3.7137680323e+00
161 173 189
9 18 162 349.7900 136.2100 19 138 381.4200 112.5000 17 135 223.5900 143.8600 20 133 454.3700 132.0000 88 46 -36.4500 -180.2100 16 135 130.3500 103.0700 91 86 244.1000 -223.2800 22 265 443.0300 219.1600 49 10 57.6100 5.6400
-9.2233892130e+00 -4.2410000360e+00 3.5168001709e+00
158 167 175
9 18 248 342.2500 109.6900 19 232 375.0800 86.0500 17 211 218.5000 116.9900 20 206 447.0800 106.5600 88 75 -46.1400 -232.2600 16 199 126.0400 77.3400 91 136 236.7000 -265.2100 86 119 -175.2200 -302.5300 49 24 42.9700 -93.7300
-9.6259525491e+00 -3.6854291776e+00 3.4785581379e+00
169 181 189
10 18 163 318.0400 140.4300 19 140 351.3400 115.3000 17 213 194.5500 148.2600 20 135 425.0400 134.6000 88 79 -89.8300 -175.0700 16 204 105.4200 109.3100 91 138 202.0000 -222.3400 86 123 -209.8000 -248.3900 87 144 534.0699 -342.7100 49 28 -51.0800 6.4600
1.0058014928e+01 1.5564908535e+01 -5.0445230037e+01
250 247 236
5 18 315 316.2200 476.6600 19 443 149.7400 437.1200 17 266 444.0300 481.3101 88 97 132.6800 428.8700 16 261 634.6600 431.3800
9.9712358029e+00 1.6422082306e+01 -5.0417481748e+01
252 253 245
5 18 320 313.8400 492.5800 19 449 146.4600 453.0701 17 271 442.0200 497.2500 88 101 127.8400 469.1200 16 264 633.3900 446.4700
-9.0445034238e+00 -4.0738128033e+00 3.6639774685e+00
125 129 126
7 18 388 355.0000 119.4100 19 355 387.1200 96.2500 17 314 229.4800 126.9900 88 110 -25.0700 -211.3400 16 294 135.6400 86.4200 91 202 253.3400 -248.2600 49 46 82.8800 -53.1600
-8.8497927271e+00 -3.7902250881e+00 3.8345329282e+00
98 98 96
8 18 397 368.1600 136.4500 19 358 400.0000 113.5800 17 322 241.5800 143.6600 20 336 471.5900 133.2700 88 115 -2.3600 -179.5900 16 302 146.7000 102.0100 91 204 270.2100 -220.3700 49 50 124.6800 11.8300
-9.4048509112e+00 -3.5676658270e+00 3.6471884035e+00
132 137 135
9 18 399 333.5400 147.5000 19 364 366.6899 123.1600 17 326 209.0300 155.3400 20 340 440.4100 142.0100 88 118 -63.9600 -160.0000 16 305 117.7900 115.3600 91 208 222.0100 -208.5300 21 362 471.9000 136.0800 49 53 0.0200 39.3800
-9.4032902586e+00 -3.5673633224e+00 3.6430802659e+00
132 137 135
8 18 400 333.5400 147.5000 19 365 366.6899 123.1600 17 327 209.0300 155.3400 20 341 440.4100 142.0100 88 119 -63.9600 -160.0000 16 306 117.7900 115.3600 91 209 222.0100 -208.5300 49 54 0.0200 39.3800
-8.7308103098e+00 -3.4689376211e+00 3.9487297567e+00
237 238 240
7 18 580 376.3600 155.6600 19 807 407.5500 131.8700 17 477 249.2700 162.8600 88 185 10.2100 -143.6100 16 310 154.3700 121.0900 91 587 279.0800 -191.5500 49 89 146.9100 81.5700
-9.0750248357e+00 -3.4706511234e+00 3.8243524672e+00
121 125 125
8 18 401 354.6700 154.6300 19 370 387.2200 130.4200 17 329 228.7400 161.8500 20 342 460.1300 149.5200 88 121 -26.7400 -146.8200 16 311 135.2300 120.9300 91 210 250.9000 -195.4800 49 55 73.2900 70.8000
-2.3745312418e+01 -3.6557238017e+00 -3.0659923747e+00
129 122 116
4 18 387 -463.0200 101.1500 19 217 -467.9800 38.7700 17 313 -485.3000 122.9800 16 454 -462.3400 124.9400
1.3076251567e+01 1.3226442051e+01 -4.5741883344e+01
211 209 122
5 18 923 409.1600 451.5900 19 903 244.2700 415.1700 17 813 533.4000 456.5300 88 222 337.9200 371.7800 16 524 721.5800 402.7700
-8.7024417195e+00 -4.8545819211e+00 3.5646501166e+00
46 49 55
11 18 559 372.8900 75.3300 19 536 404.6000 54.0800 17 462 248.3400 83.2000 20 508 473.4399 75.2900 88 251 9.9900 -292.4500 16 630 152.5100 42.2600 91 279 281.8500 -312.4900 21 878 498.6801 74.0300 22 954 455.6801 171.8600 23 1241 438.1899 170.9600 49 79 156.1500 -196.7300
-8.1473235163e+00 -3.7470884200e+00 4.1093957157e+00
41 48 54
5 18 574 411.9399 140.2400 19 552 441.5000 118.2500 17 703 283.7000 147.6000 88 258 75.8700 -170.1900 16 637 185.3500 103.7000
-2.3044084788e+01 -3.2075965230e+00 -2.8233707733e+00
205 206 208
5 18 565 -430.2400 124.7800 19 349 -433.2100 66.4800 17 474 -457.1100 143.6100 16 646 -438.1800 141.8800 89 194 -244.6500 -284.3900
-9.2573035724e+00 -2.8693545489e+00 3.8392645289e+00
186 199 211
5 18 803 343.8199 188.9800 19 814 375.4301 163.5900 17 720 217.9800 195.0100 20 824 449.1000 181.8800 16 652 126.7400 154.2900
1.4950082496e+01 1.2866524042e+01 -4.4338504843e+01
111 113 61
5 18 922 457.0100 450.7000 19 901 290.9500 415.4400 17 812 581.8101 455.5400 88 221 444.9900 368.8800 16 747 772.7500 400.3400
1.2490683717e+01 1.3769025000e+01 -4.6852814148e+01
101 85 54
5 18 1361 389.1400 457.4299 19 1341 223.4100 420.7800 17 1204 513.8500 462.2000 88 324 293.5800 385.2500 16 750 702.8700 409.3100
1.3562805505e+01 1.0353187553e+01 -4.1505431775e+01
184 183 127
5 18 1288 456.6899 410.7400 19 1257 296.6200 377.3600 17 1143 574.8300 414.8200 88 411 437.7500 280.1000 16 1030 755.8101 357.7200
1.0503829221e+01 1.1252884458e+01 -4.3890968189e+01
206 197 101
6 18 1296 374.7600 419.9400 19 1269 216.4200 384.0400 17 1151 493.1000 423.5300 20 2069 83.2600 387.2900 88 417 255.4100 300.0100 16 1054 671.9200 369.8500
1.4991299744e+01 1.1999058369e+01 -4.3179252354e+01
113 110 57
6 18 2110 468.4800 438.3600 19 2051 303.7800 403.8500 17 1816 591.7800 442.9600 88 441 469.1000 341.1600 16 1080 780.5100 386.5300 91 657 -488.2800 157.2900
1.2640521977e+01 1.4695892473e+01 -4.8134724922e+01
248 247 141
4 18 2191 380.9700 469.9900 19 2107 214.2800 432.6000 17 1875 508.5601 474.7200 16 1124 700.1000 422.4500
-1.1159258985e+01 -2.2903684715e+00 3.3541902851e+00
187 207 212
12 18 1921 229.4100 218.1500 19 1872 264.7700 187.7600 17 1621 108.4600 224.5900 20 3365 346.9100 204.7800 88 531 -254.3200 -34.1900 16 1451 28.0500 188.7300 91 1154 74.2800 -115.2700 21 3393 392.7100 194.5900 86 596 -346.9300 -110.0700 87 698 396.7500 -200.7600 22 6944 367.7300 278.3000 49 128 -405.7600 258.6500
-2.1290174968e+01 -1.3239703566e+00 -1.0947600784e+00
168 190 206
6 18 1923 -351.8600 230.8500 19 1869 -343.3200 179.0300 17 1623 -397.6300 241.2200 16 1464 -392.6600 230.0300 87 963 -350.0900 -131.9200 89 480 -73.0300 -92.0100
9.7136833394e+00 1.3743007587e+01 -4.7689668048e+01
139 145 80
6 18 1354 329.7700 453.6500 19 1325 167.2700 415.9800 17 1842 453.0900 457.7000 20 1365 28.8100 418.5500 88 453 158.4900 377.0600 16 1621 638.2500 406.4600
9.7344890245e+00 1.1068368735e+01 -4.3731338809e+01
232 224 138
5 18 3689 361.1400 416.6200 19 3351 203.8200 380.5400 17 3012 478.1600 420.0900 88 858 223.2100 293.2800 16 2495 654.4301 366.7300
1.0083327789e+01 1.1039934284e+01 -4.3520956723e+01
151 136 38
6 18 3693 369.8101 416.9400 19 3353 211.9700 381.0900 17 3014 486.8700 420.6300 20 3518 79.3200 384.5500 88 861 242.5300 294.0300 16 2498 663.4301 366.8900
1.2086733210e+01 1.3696781506e+01 -4.6971839195e+01
152 140 72
6 18 7293 380.1700 455.6500 19 6209 215.5800 418.7300 17 3151 505.0900 460.1300 20 6621 76.0200 421.3700 88 985 274.3199 381.3100 16 2610 693.0900 407.3700
9.8555176540e+00 1.5107179990e+01 -5.0222255846e+01
245 228 179
5 18 7355 314.3900 468.4399 19 6234 148.6700 429.5200 17 6153 441.5400 472.8199 88 1018 127.7600 411.8200 16 2641 631.0000 422.6900
8.8565385430e+00 1.5382428026e+01 -5.0612613653e+01
217 214 147
5 18 3950 293.2300 472.1500 19 3530 127.4800 433.2400 17 3182 419.9700 476.4100 88 699 78.8800 420.3400 16 2652 608.6200 426.8201
9.2686014571e+00 1.8654072975e+01 -4.9778522696e+01
236 214 164
5 18 4050 303.0601 539.6400 19 3590 134.7500 498.8800 17 3273 430.6700 544.6899 88 734 100.2500 574.4100 16 2729 623.9700 497.4100
9.3022898152e+00 1.9835715668e+01 -4.9494825906e+01
253 251 230
4 18 7508 304.5601 564.2400 19 6344 135.3400 523.2000 17 6351 432.4399 569.8101 16 2768 627.2500 523.3800
1.5016150968e+01 1.1623219697e+01 -4.2750956101e+01
244 228 137
6 18 3767 472.7700 432.2500 19 6128 308.7100 398.1200 17 5934 595.8600 437.1600 88 915 478.5900 328.0100 16 4490 783.9500 380.2900 91 1253 -474.0300 145.7000
-4.0444052598e+00 2.6513870163e+01 -8.2255183628e+01
253 251 237
6 18 7470 -40.7800 520.5601 19 6323 -228.8300 473.5200 17 6279 116.0200 523.7400 16 4761 332.8400 485.3000 86 1135 615.2400 512.0400 89 894 557.4500 442.1200
9.1474397498e+00 1.9752533472e+01 -4.9439587884e+01
132 121 89
4 18 7507 302.0300 562.9399 19 6343 133.1400 521.5900 17 6348 429.7400 568.6899 16 4836 624.1100 522.2600
-9.0054853362e+00 -3.6146208222e+00 3.6779223554e+00
166 177 183
6 18 24 353.5000 146.9400 19 22 384.3900 123.4900 17 20 229.4200 153.3100 88 6 -20.9000 -165.5200 91 13 249.4800 -209.1000 49 1 77.3900 39.7100
-2.3043973107e+01 -2.5577164001e+00 -2.5299173946e+00
179 190 200
3 18 18 -434.1600 157.9900 19 17 -435.4000 101.8900 17 21 -461.1300 173.7000
2.7503021563e+01 2.4104532314e+01 -6.2799073314e+01
191 190 180
4 18 86 515.5699 564.6000 19 80 320.2300 524.3400 17 86 677.4200 575.3800 20 77 153.8100 523.8199
-1.7798470054e+01 4.1781685346e-01 6.3892303512e-01
166 202 238
3 18 178 -169.7800 341.2600 19 155 -148.4000 298.1100 17 149 -242.9300 342.6000
2.1186403041e+01 1.1878516985e+01 -4.0227925422e+01
179 186 105
4 18 194 618.5100 448.5200 19 171 444.9399 416.3600 17 173 750.3000 454.9600 20 249 301.9800 419.2200
-9.2176563229e+00 -4.7036729122e+00 3.3254202551e+00
221 227 228
7 18 239 339.0400 81.9700 19 222 371.3400 58.7600 17 208 217.4100 91.7000 88 70 -48.4800 -278.7500 91 195 232.6100 -309.5600 21 341 473.0200 76.1000 49 18 42.1600 -184.6200
-1.1879920537e+01 4.2951244945e-02 2.8897896503e+00
215 234 251
4 18 278 175.9400 347.0000 19 266 204.3700 312.0900 17 228 64.3000 349.7300 88 88 -345.9600 194.5100
2.0377902907e+01 9.2318326614e+00 -3.7066625503e+01
151 151 73
