# Bundle file v0.3
110 5057
0 0 0
0 0 0
0 0 0
0 0 0
0 0 0
0 0 0
0 0 0
0 0 0
0 0 0
0 0 0
0 0 0
0 0 0
0 0 0
0 0 0
0 0 0
0 0 0
0 0 0
0 0 0
0 0 0
0 0 0
0 0 0
0 0 0
0 0 0
0 0 0
0 0 0
1.6728630540e+03 -1.4889802717e-01 1.7622260364e-01
-1.9924148110e-01 1.8799088059e-01 -9.6174958332e-01
-3.2922268699e-01 9.1154211734e-01 2.4638058099e-01
9.2299255392e-01 3.6571901390e-01 -1.1972613871e-01
-6.7663019175e+00 6.3987690066e+00 -4.1670391054e+01
1.6734034985e+03 -1.5577673274e-01 1.8118447396e-01
-9.2346508580e-02 2.1252386043e-01 -9.7278246854e-01
-3.2421889593e-01 9.1729910082e-01 2.3118059423e-01
9.4146387603e-01 3.3674317866e-01 -1.5805117896e-02
-4.8316438561e+00 5.2925865383e+00 -3.7165708262e+01
1.6728479891e+03 -1.5686689676e-01 1.8191179905e-01
-2.3108346509e-02 2.2163377520e-01 -9.7485612990e-01
-3.1378160540e-01 9.2423350628e-01 2.1756270359e-01
9.4921394240e-01 3.1091943581e-01 4.8187093675e-02
-1.3954439312e+00 4.5594625886e+00 -3.4643001230e+01
1.6716248858e+03 -1.5396412924e-01 1.8082023804e-01
1.0020756458e-01 2.4238658930e-01 -9.6499076956e-01
-3.1941398810e-01 9.2637324322e-01 1.9951771465e-01
9.4230204723e-01 2.8823836591e-01 1.7025127375e-01
6.7525990311e-01 4.1698046495e+00 -3.1571227651e+01
1.6716823232e+03 -1.5193200446e-01 1.7768862367e-01
2.4801230102e-01 2.0597741255e-01 -9.4660615045e-01
-2.7547470053e-01 9.5179164141e-01 1.3493094797e-01
9.2876454923e-01 2.2730151093e-01 2.9279760111e-01
2.3299582563e+00 2.8855869137e+00 -2.9433786050e+01
1.6725429077e+03 -1.5619591449e-01 1.9554226199e-01
3.9650351988e-01 1.9889130836e-01 -8.9622943836e-01
-2.6614807744e-01 9.5922705966e-01 9.5124386396e-02
8.7860694261e-01 2.0081258793e-01 4.3327144485e-01
4.3051723554e+00 3.1266188878e+00 -2.8161209747e+01
1.6739650037e+03 -1.6138850037e-01 2.1393364351e-01
5.7731655607e-01 2.1313740717e-01 -7.8821192566e-01
-2.7774598289e-01 9.5902706239e-01 5.5895103516e-02
7.6782990504e-01 1.8665352736e-01 6.1286025948e-01
4.7692906063e+00 3.9242153527e+00 -2.7413623352e+01
1.6718144101e+03 -1.3431230124e-01 1.5057303625e-01
7.1706117163e-01 1.6362122652e-01 -6.7753329835e-01
-2.2179296955e-01 9.7509349244e-01 7.4810581901e-04
6.6078071612e-01 1.4973568458e-01 7.3549171985e-01
6.3423788358e+00 4.7052686047e+00 -2.8504931257e+01
1.6804715848e+03 -1.7088632318e-01 2.2573768886e-01
8.1583008331e-01 1.4373113982e-01 -5.6014519065e-01
-1.7547894657e-01 9.8447871936e-01 -2.9648654866e-03
5.5102487645e-01 1.0071251444e-01 8.2838914464e-01
8.0159289607e+00 5.0012444742e+00 -3.0785761278e+01
1.6745252641e+03 -1.4478302051e-01 1.6720515333e-01
9.1688320765e-01 1.0114231991e-01 -3.8612875400e-01
-1.1596928894e-01 9.9313596985e-01 -1.5233824451e-02
3.8193757024e-01 5.8746714866e-02 9.2231909659e-01
8.1626881475e+00 5.0243086679e+00 -3.2151764933e+01
1.6755655950e+03 -1.5209252158e-01 1.8946629303e-01
9.4841987290e-01 8.7267528948e-02 -3.0476896674e-01
-1.0003315229e-01 9.9463131873e-01 -2.6493551057e-02
3.0082073256e-01 5.5614010789e-02 9.5205775490e-01
1.1730294707e+01 5.6183236705e+00 -3.3393852792e+01
1.6744374702e+03 -1.5411961964e-01 2.0632919319e-01
9.8546775758e-01 5.2210041313e-02 -1.6163975489e-01
-5.6234655122e-02 9.9820870919e-01 -2.0421470810e-02
1.6028400524e-01 2.9214456916e-02 9.8663851190e-01
1.2167372633e+01 5.7189237536e+00 -3.5274839145e+01
1.6691287959e+03 -1.3651177444e-01 1.6030146630e-01
9.9981314292e-01 -1.8082929190e-02 6.8327831707e-03
1.8351732212e-02 9.9896694520e-01 -4.1572302300e-02
-6.0739755325e-03 4.1689927628e-02 9.9911213422e-01
1.2847550434e+01 7.2216767116e+00 -3.6237783319e+01
1.6667361781e+03 -1.3195576432e-01 1.4215301489e-01
9.8794104418e-01 -4.2328621869e-02 1.4893213551e-01
4.8259654811e-02 9.9817002742e-01 -3.6436274115e-02
-1.4711729652e-01 4.3184304146e-02 9.8817590385e-01
1.4119205189e+01 7.2626089030e+00 -3.6625004772e+01
1.6681067552e+03 -1.5618108795e-01 1.9367030438e-01
9.5312722473e-01 -9.0823248478e-02 2.8861675457e-01
9.4796143423e-02 9.9549668299e-01 2.1293809745e-04
-2.8733636156e-01 2.7156798162e-02 9.5744468438e-01
1.3687291983e+01 7.0902362522e+00 -3.8594040601e+01
1.6630660694e+03 -1.4671061614e-01 1.6713162158e-01
8.9705816546e-01 -1.1330409540e-01 4.2714029282e-01
1.2009162429e-01 9.9270058320e-01 1.1115480078e-02
-4.2528184721e-01 4.1324739396e-02 9.0411703687e-01
1.3991901157e+01 7.6810249265e+00 -4.0151997000e+01
1.6591594554e+03 -1.3263772017e-01 1.1581481801e-01
8.0235580000e-01 -1.3228827766e-01 5.8200084347e-01
1.3517841289e-01 9.9006590845e-01 3.8681954566e-02
-5.8133636295e-01 4.7637259719e-02 8.1226764345e-01
1.3480630013e+01 7.7225705170e+00 -4.3080056827e+01
0 0 0
0 0 0
0 0 0
0 0 0
0 0 0
0 0 0
0 0 0
0 0 0
0 0 0
0 0 0
0 0 0
0 0 0
0 0 0
0 0 0
0 0 0
0 0 0
0 0 0
0 0 0
0 0 0
0 0 0
0 0 0
0 0 0
0 0 0
0 0 0
0 0 0
0 0 0
0 0 0
0 0 0
0 0 0
0 0 0
0 0 0
0 0 0
0 0 0
0 0 0
0 0 0
0 0 0
0 0 0
0 0 0
0 0 0
0 0 0
0 0 0
0 0 0
0 0 0
0 0 0
0 0 0
0 0 0
0 0 0
0 0 0
0 0 0
0 0 0
0 0 0
0 0 0
0 0 0
0 0 0
0 0 0
0 0 0
0 0 0
0 0 0
0 0 0
0 0 0
0 0 0
0 0 0
0 0 0
0 0 0
0 0 0
0 0 0
0 0 0
0 0 0
0 0 0
0 0 0
0 0 0
0 0 0
0 0 0
0 0 0
0 0 0
0 0 0
0 0 0
0 0 0
0 0 0
0 0 0
0 0 0
0 0 0
0 0 0
0 0 0
0 0 0
0 0 0
0 0 0
0 0 0
0 0 0
0 0 0
0 0 0
0 0 0
0 0 0
0 0 0
0 0 0
0 0 0
0 0 0
0 0 0
0 0 0
0 0 0
0 0 0
0 0 0
0 0 0
0 0 0
0 0 0
1.6638742911e+03 -1.4215932249e-01 1.5540208476e-01
1.3759101070e-01 2.0263459079e-01 -9.6954006435e-01
-3.0159985607e-01 9.4093885538e-01 1.5385576768e-01
9.4345441893e-01 2.7124397329e-01 1.9057929154e-01
1.4060203213e-01 -2.5453367981e+00 -9.8128314087e+00
1.6684042839e+03 -1.6256090600e-01 1.9078564995e-01
3.5275083121e-01 2.4921182089e-01 -9.0192035092e-01
-3.8947195197e-01 9.1552304305e-01 1.0064370955e-01
8.5081046638e-01 3.1577052740e-01 4.2001252877e-01
3.2226979578e+00 -1.0102315499e+00 -1.0299662688e+01
1.6648312201e+03 -1.5981376938e-01 2.0275402037e-01
3.8691879279e-01 1.8675510251e-01 -9.0300408608e-01
-2.8020311752e-01 9.5678153969e-01 7.7815796895e-02
8.7851013695e-01 2.2291616586e-01 4.2252612023e-01
3.2962424439e+00 -1.9272982309e+00 -1.0110784800e+01
1.6635975047e+03 -1.2872835752e-01 1.4192532341e-01
7.3234812336e-01 1.5593095825e-01 -6.6283615055e-01
-2.3622374629e-01 9.7115387349e-01 -3.2534530846e-02
6.3864275452e-01 1.8040424127e-01 7.4805731186e-01
5.4008020976e+00 -3.9685961828e-01 -1.2466003461e+01
0 0 0
0 0 0
0 0 0
0 0 0
0 0 0
0 0 0
0 0 0
0 0 0
0 0 0
0 0 0
0 0 0
0 0 0
0 0 0
0 0 0
0 0 0
0 0 0
0 0 0
0 0 0
0 0 0
0 0 0
0 0 0
0 0 0
0 0 0
0 0 0
0 0 0
0 0 0
0 0 0
0 0 0
0 0 0
0 0 0
0 0 0
0 0 0
0 0 0
0 0 0
0 0 0
0 0 0
0 0 0
0 0 0
0 0 0
0 0 0
0 0 0
0 0 0
0 0 0
0 0 0
0 0 0
1.9150170989e+03 5.0711772118e-04 3.8618007500e-07
6.9098365896e-01 1.3503023358e-01 -7.1014675883e-01
-2.5730552057e-01 9.6400020326e-01 -6.7063232873e-02
6.7552605585e-01 2.2906427949e-01 7.0085241223e-01
2.6515411604e+00 1.9016365730e+00 -1.1606096423e+01
0 0 0
0 0 0
0 0 0
0 0 0
0 0 0
0 0 0
0 0 0
0 0 0
0 0 0
0 0 0
0 0 0
0 0 0
0 0 0
0 0 0
0 0 0
0 0 0
0 0 0
0 0 0
0 0 0
0 0 0
0 0 0
0 0 0
0 0 0
0 0 0
0 0 0
0 0 0
0 0 0
0 0 0
0 0 0
0 0 0
0 0 0
0 0 0
0 0 0
0 0 0
0 0 0
0 0 0
0 0 0
0 0 0
0 0 0
0 0 0
0 0 0
0 0 0
0 0 0
0 0 0
0 0 0
0 0 0
0 0 0
0 0 0
0 0 0
0 0 0
1.6638022913e+03 -1.5471611815e-01 1.8191360868e-01
2.1278162834e-01 2.5893045744e-01 -9.4216718094e-01
-3.4125153935e-01 9.2322284980e-01 1.7665490793e-01
9.1557160590e-01 2.8392708186e-01 2.8480527849e-01
-2.6937934440e+00 -5.4298488657e+00 -2.1726190360e+00
0 0 0
0 0 0
0 0 0
0 0 0
0 0 0
0 0 0
0 0 0
0 0 0
0 0 0
0 0 0
0 0 0
0 0 0
0 0 0
0 0 0
0 0 0
1.6585222317e+03 -1.3301106281e-01 1.4437570313e-01
3.8925018221e-01 2.8082669948e-01 -8.7728026337e-01
-3.4765152294e-01 9.2674614013e-01 1.4240790128e-01
8.5300803879e-01 2.4955551808e-01 4.5836593367e-01
5.6547198288e+00 -4.7144182194e+00 -3.2536504257e+00
0 0 0
0 0 0
0 0 0
0 0 0
0 0 0
0 0 0
0 0 0
0 0 0
0 0 0
0 0 0
0 0 0
0 0 0
0 0 0
0 0 0
0 0 0
0 0 0
0 0 0
0 0 0
0 0 0
0 0 0
0 0 0
0 0 0
0 0 0
0 0 0
0 0 0
0 0 0
0 0 0
0 0 0
0 0 0
0 0 0
0 0 0
0 0 0
0 0 0
0 0 0
0 0 0
0 0 0
0 0 0
0 0 0
0 0 0
0 0 0
0 0 0
0 0 0
0 0 0
0 0 0
0 0 0
4.7767904494e+03 4.0651049569e-02 8.2631713492e-04
4.1142920579e-02 2.3738558493e-01 -9.7054383938e-01
-1.4416451688e-01 9.6261227935e-01 2.2933423581e-01
9.8869805915e-01 1.3048250346e-01 7.3827258722e-02
-1.1269347354e+00 -1.3261977792e+00 -4.6531928003e+01
4.8166917963e+03 -4.1204490578e-02 3.1153538285e-04
2.7864855459e-01 2.6872205589e-01 -9.2203223355e-01
-1.7634231963e-01 9.5805036268e-01 2.2592673341e-01
9.4406481204e-01 9.9639145131e-02 3.1434641945e-01
3.3857359186e+00 3.7555626947e-01 -4.5763286878e+01
4.7718749608e+03 8.4603009364e-02 8.8316663261e-04
5.2986662895e-01 1.7793077260e-01 -8.2920564137e-01
-1.3574336518e-01 9.8293129878e-01 1.2417649007e-01
8.3714699685e-01 4.6762186001e-02 5.4497541562e-01
3.9956950484e+00 2.6459673571e-01 -4.4181131839e+01
4.7876545638e+03 5.7675097975e-02 3.8154908637e-03
6.9038163550e-01 6.3207173642e-02 -7.2067888172e-01
-4.1464846347e-02 9.9799554226e-01 4.7807574177e-02
7.2225609300e-01 -3.1226321538e-03 6.9161867043e-01
6.9228685176e+00 7.9973593706e-01 -4.4924599402e+01
4.7969010400e+03 3.9758521311e-02 7.7052527852e-03
8.4967917312e-01 1.3196449041e-01 -5.1052000552e-01
-6.7222186566e-02 9.8738653282e-01 1.4334926733e-01
5.2299759120e-01 -8.7482615873e-02 8.4783271435e-01
9.8496220893e+00 1.1460105653e+00 -6.2460701224e+01
4.8001304859e+03 5.7139100459e-02 1.2105689107e-04
9.8787789456e-01 4.6870642263e-02 -1.4798786549e-01
-2.5147651832e-02 9.8905584778e-01 1.4538268664e-01
1.5318244366e-01 -1.3989879506e-01 9.7824509510e-01
7.8044622469e+00 3.8750913285e-01 -5.5792175279e+01
4.7858101114e+03 1.1008371229e-01 6.3552618055e-03
9.5301743127e-01 7.6483547364e-02 -2.9310073811e-01
-2.8288152972e-02 9.8584210734e-01 1.6527286469e-01
3.0159170429e-01 -1.4921664245e-01 9.4168829106e-01
1.6310371279e+01 -7.3802462139e-01 -5.3840729169e+01
4.7792862095e+03 9.6498077264e-02 2.3996956159e-03
9.6311042110e-01 -4.8814791598e-02 2.6464208450e-01
9.6832799953e-03 9.8905970759e-01 1.4719758463e-01
-2.6893224213e-01 -1.3920492431e-01 9.5304639876e-01
6.5057325931e+00 1.6035350918e+00 -5.6366762392e+01
0 0 0
0 0 0
0 0 0
0 0 0
0 0 0
0 0 0
0 0 0
0 0 0
0 0 0
0 0 0
4.7826432716e+03 2.5923724090e-02 1.8118216255e-03
7.5554869063e-01 -1.8021104549e-01 6.2981755705e-01
5.0288063185e-02 9.7453607906e-01 2.1851897242e-01
-6.5315946505e-01 -1.3342941839e-01 7.4537192295e-01
5.6385329896e+00 5.9873955229e-01 -6.9285738300e+01
0 0 0
0 0 0
0 0 0
0 0 0
0 0 0
0 0 0
0 0 0
0 0 0
0 0 0
0 0 0
0 0 0
0 0 0
0 0 0
0 0 0
0 0 0
0 0 0
0 0 0
0 0 0
0 0 0
0 0 0
0 0 0
0 0 0
0 0 0
0 0 0
0 0 0
0 0 0
0 0 0
0 0 0
0 0 0
0 0 0
0 0 0
0 0 0
0 0 0
0 0 0
0 0 0
0 0 0
0 0 0
0 0 0
0 0 0
0 0 0
0 0 0
0 0 0
0 0 0
0 0 0
0 0 0
0 0 0
0 0 0
0 0 0
0 0 0
0 0 0
0 0 0
0 0 0
0 0 0
0 0 0
0 0 0
0 0 0
0 0 0
0 0 0
0 0 0
0 0 0
0 0 0
0 0 0
0 0 0
0 0 0
0 0 0
0 0 0
0 0 0
0 0 0
0 0 0
0 0 0
0 0 0
0 0 0
0 0 0
0 0 0
0 0 0
0 0 0
0 0 0
0 0 0
0 0 0
0 0 0
0 0 0
0 0 0
0 0 0
0 0 0
0 0 0
0 0 0
0 0 0
0 0 0
0 0 0
0 0 0
-2.2764891465e+01 -2.3288880581e+00 -1.1842703093e+00
23 22 25
7 18 269 -404.3000 185.7900 19 247 -405.0100 130.4300 17 345 -436.5900 199.6500 20 137 -348.2700 137.6300 16 475 -420.7900 193.7200 21 164 -275.6900 123.5600 87 250 -406.2100 -202.9100
-3.8554857680e+01 3.3112058560e+01 -1.0440207642e+02
192 190 175
5 18 967 -503.0700 519.9900 19 941 -720.0200 465.7700 17 852 -319.3000 519.7200 16 1168 -83.0900 496.4900 12 832 708.6500 587.0300
-2.0084003257e+01 2.2871350744e+01 -6.8643848177e+01
130 128 100
11 18 2250 -275.9500 516.8800 19 2153 -456.3900 466.3000 17 1916 -128.7800 517.4600 20 1440 -628.2000 475.5500 16 1709 73.1900 487.2300 15 1632 248.5100 513.1300 14 1795 300.5100 503.9200 13 1789 565.8900 530.1200 86 547 -30.2000 502.7700 12 1246 771.8700 574.6300 87 602 714.1600 413.8000
-6.6273907876e+00 -3.9022495941e+00 6.2073537248e+00
214 232 217
15 18 6644 480.2200 156.9200 19 3151 507.5100 138.1000 17 5451 347.6200 161.9300 20 6197 571.6400 158.6000 88 758 193.9500 -139.4000 16 4193 242.9200 113.9600 91 1148 420.2400 -173.3400 21 5906 584.0100 152.7300 14 3711 -40.8900 104.3700 13 4001 -80.6000 130.0000 86 1192 14.3800 -230.1900 12 3806 -187.5000 136.8900 87 678 766.5300 -328.1300 85 2748 41.7300 -109.5600 84 977 -249.5500 -266.8600
-3.7631956915e+01 3.4319694565e+01 -1.0322108504e+02
187 187 172
5 18 975 -494.1800 539.3300 19 953 -710.8400 485.8300 17 1260 -310.9100 538.2600 15 1095 122.7600 540.9200 13 1231 490.9800 559.4800
-3.7631956915e+01 3.4319694565e+01 -1.0322108504e+02
187 187 172
5 18 976 -494.1800 539.3300 19 954 -710.8400 485.8300 17 1261 -310.9100 538.2600 15 1096 122.7600 540.9200 13 1232 490.9800 559.4800
-2.0073995335e+01 2.2849046527e+01 -6.8563486724e+01
130 128 100
9 18 2251 -275.9500 516.8800 19 2154 -456.3900 466.3000 17 1917 -128.7800 517.4600 16 1710 73.1900 487.2300 15 1634 248.5100 513.1300 14 1797 300.5100 503.9200 13 1791 565.8900 530.1200 86 548 -30.2000 502.7700 87 603 714.1600 413.8000
-2.0300871422e+01 2.2987367462e+01 -6.8564447850e+01
253 242 218
9 18 4028 -279.7600 518.8700 19 3581 -460.3400 468.3900 17 3246 -132.4000 519.5000 20 3788 -632.4000 477.7200 16 2716 69.7700 489.2300 15 2651 245.1899 515.2000 13 2897 562.1899 532.1700 86 1131 -38.3000 508.2100 87 1242 706.0699 419.1400
-2.3968014530e+01 -2.7872553011e+00 -1.7722992656e+00
181 191 195
4 18 403 -457.7700 159.7200 19 356 -463.8800 100.6100 17 479 -481.0600 176.5100 21 232 -344.2700 89.1800
-1.1422031832e+01 -3.6280142053e+00 4.0371156356e+00
149 164 172
12 18 95 190.8500 158.6000 19 89 224.9399 127.7100 17 138 79.2200 166.3600 88 47 -316.2100 -144.5400 16 212 4.5600 132.7000 91 58 16.2100 -212.7300 15 295 -31.1700 150.8500 21 168 352.9500 136.8800 14 309 -214.0800 133.1200 86 89 -384.8200 -211.1100 87 111 357.6500 -301.2300 85 320 -178.5900 -84.1500
-8.7718598721e+00 -3.4953826356e+00 5.2707246077e+00
221 228 232
10 18 172 349.1000 171.2000 19 147 380.6400 145.7500 17 220 223.4800 178.7400 88 84 -36.9500 -116.2400 16 214 131.6400 138.8900 91 144 240.0900 -174.2400 15 217 80.5500 156.0100 14 310 -123.1000 137.9100 86 128 -168.0000 -191.6700 87 151 577.1300 -285.5100
-2.3226748314e+01 -2.0063906869e+00 -1.3078665480e+00
75 73 72
4 18 273 -426.3900 199.9700 19 253 -429.2000 143.3100 20 141 -375.7700 150.8600 21 169 -303.2200 136.8200
-9.7099426323e+00 -3.8968538142e+00 4.7199428513e+00
212 209 200
8 18 256 291.5900 145.7700 19 244 324.5400 118.6100 17 216 170.6500 154.5500 20 214 399.6200 136.1900 16 207 84.5600 118.0300 15 288 38.8600 135.7000 14 424 -155.5600 116.5100 87 145 498.4000 -322.2400
-1.1052609478e+01 -3.6188427173e+00 4.2307850987e+00
66 68 72
11 18 402 213.8800 159.1400 19 369 247.9600 129.0800 17 335 98.2800 167.1900 20 526 327.2400 146.7000 16 316 20.3900 133.4500 91 283 48.8500 -208.0800 15 403 -18.3600 152.7800 21 577 372.9500 139.2500 14 429 -203.4900 135.0400 86 203 -354.9700 -209.5700 87 232 387.7500 -300.5300
-3.2889087011e+01 3.5091234719e+01 -1.0091531083e+02
247 245 233
5 18 700 -437.8000 557.5000 19 458 -650.3000 504.8900 17 610 -258.7600 556.6700 15 509 172.2600 558.0300 14 553 248.7600 549.1100
-2.3012810559e+01 -3.8844368951e+00 -1.6033056753e+00
204 208 212
4 18 790 -410.5900 110.1000 19 534 -410.8400 51.0000 20 506 -356.3700 53.7900 21 551 -286.3000 37.7200
-8.5794733797e+00 -4.2969176073e+00 5.2137263503e+00
162 170 181
9 18 569 359.7200 129.1300 19 548 391.9100 106.0600 17 469 233.9600 136.4700 20 518 463.4500 125.8000 88 255 -16.6100 -193.4700 16 636 139.7600 95.2000 91 389 259.4399 -232.3200 15 565 87.3600 110.2400 14 623 -116.6300 90.2600
-2.3498319825e+01 -1.9914924642e+00 -1.3818317580e+00
253 254 251
7 18 413 -439.2500 198.7600 19 376 -442.8600 141.0500 17 492 -466.6100 213.2900 16 481 -444.6600 207.8300 15 418 -407.9200 238.9100 14 667 -506.4100 226.0500 85 459 -612.7700 36.7200
-3.5213122011e+01 3.7480499746e+01 -1.0091221598e+02
190 187 179
6 18 706 -468.8200 587.4200 19 686 -684.6800 536.0400 17 614 -287.5100 584.4600 16 832 -50.3200 558.2300 15 753 147.5000 585.8300 14 802 224.5200 576.9200
-6.9624304098e+00 -2.9879001310e+00 6.4880251438e+00
221 230 231
11 18 585 467.5699 208.4600 19 560 495.5000 187.1600 17 490 332.3900 212.9100 20 530 563.3800 205.9400 88 128 168.7500 -49.8600 16 467 228.1300 165.7300 91 215 402.6700 -101.6300 15 581 163.3400 180.7200 21 904 579.0601 196.8400 14 965 -60.0500 161.6200 85 878 17.0300 -29.2200
-2.1362786374e+01 -2.7839220434e+00 -3.8779831891e-01
121 137 146
7 18 582 -337.7800 169.6400 19 551 -328.9600 116.2800 17 715 -383.1000 183.9800 16 960 -380.5500 175.5500 15 1393 -356.8700 205.0900 14 1519 -468.2500 191.2300 87 359 -328.9800 -234.1000
-3.6025155077e+00 2.7183777796e+01 -8.4675179049e+01
144 140 140
8 18 2252 -44.4000 518.5800 19 2158 -232.5400 471.5000 17 1920 112.5700 521.4100 20 2258 -407.8800 477.2700 16 1707 329.5900 483.3800 15 2647 526.3400 508.5900 14 1792 598.8600 500.8500 86 550 606.6400 505.3400
-4.4998002136e+00 -1.7322038992e+00 6.6643027505e+00
239 243 243
7 18 3473 596.6100 282.0600 19 5783 606.3101 261.4200 17 2842 468.1200 285.1600 16 2379 369.3000 231.1400 15 2359 308.0800 243.0400 14 2396 77.2700 223.2500 86 1235 221.4700 -23.6200
8.4622240493e+00 2.5817816933e+01 -7.7249727875e+01
236 237 221
5 18 332 143.9900 528.1500 19 306 -41.7400 484.2400 17 281 296.7700 531.8400 16 269 514.2700 488.0200 15 184 720.3500 513.2000
-9.4259829650e+00 -4.2833613601e+00 4.6786008135e+00
8 9 11
8 18 157 306.0500 127.1300 19 134 338.2800 101.6700 17 130 185.8500 135.1300 20 130 411.6000 120.9800 88 43 -110.1400 -199.6700 16 201 98.3600 97.0600 91 85 181.1000 -244.7300 15 211 51.6100 113.6000
-9.4277252868e+00 -4.2836357974e+00 4.6834949070e+00
8 9 11
8 18 158 306.0500 127.1300 19 135 338.2800 101.6700 17 131 185.8500 135.1300 88 44 -110.1400 -199.6700 16 202 98.3600 97.0600 15 212 51.6100 113.6000 86 122 -221.6000 -270.0600 87 143 522.1801 -363.8300
-8.1067303532e+00 -3.6672032565e+00 5.4670773497e+00
16 17 17
9 18 168 387.1400 165.7000 19 146 417.1100 142.5400 17 139 260.2700 171.7600 20 142 487.3300 161.4000 88 83 31.5400 -127.8500 16 211 165.5500 128.0000 91 89 291.9600 -175.6500 15 214 111.9300 141.5800 87 110 635.8101 -306.2800
-2.3148459254e+01 -3.6148217104e+00 -1.6508896889e+00
18 20 22
3 18 250 -417.6000 122.5700 19 223 -418.8700 63.8000 17 320 -446.5600 141.9000
-2.3955242908e+01 -3.5868732416e+00 -2.0065534479e+00
249 250 252
5 18 392 -454.0100 121.9900 19 348 -459.6700 60.9000 17 321 -476.8200 142.0000 16 460 -454.2300 142.5800 21 336 -342.8200 44.5800
-2.3895041910e+01 -2.3126138681e+00 -1.6190998239e+00
225 232 236
3 18 409 -456.1800 182.9300 19 368 -462.1700 124.8900 20 212 -411.0900 130.2200
-2.9121563766e+01 3.0486293324e+01 -9.9599090524e+01
163 165 155
3 18 324 -389.1700 505.7200 19 300 -595.0200 452.0100 15 358 208.9500 506.2400
8.4405801123e+00 2.7673230050e+01 -7.6292331803e+01
182 180 175
6 18 699 145.4400 558.6600 19 681 -40.5800 515.0000 17 611 298.4800 562.8000 20 663 -207.9600 518.8700 16 576 517.5100 519.6200 15 367 724.5000 546.7600
-2.2790139380e+01 -2.9672832774e+00 -1.2746193277e+00
254 255 252
5 18 260 -403.4200 154.2300 19 235 -403.0600 97.1000 17 337 -436.0700 171.7500 16 324 -421.3400 167.8500 15 412 -388.7700 199.4600
-2.3012810559e+01 -3.8844368951e+00 -1.6033056753e+00
204 208 212
4 18 791 -410.5900 110.1000 19 535 -410.8400 51.0000 20 507 -356.3700 53.7900 21 552 -286.3000 37.7200
-8.8295172116e+00 -4.3754957767e+00 5.0840823605e+00
162 169 181
8 18 567 344.6100 124.2500 19 543 377.2700 100.4700 17 467 219.9800 131.8200 20 807 449.7000 119.9400 88 253 -43.6100 -202.7200 16 635 127.0600 91.3100 91 385 239.1400 -242.4700 15 563 75.9200 106.7800
-1.1947357960e+01 -4.0040982809e+00 3.3830129607e+00
67 68 68
4 18 794 157.4700 134.9700 19 802 188.6400 102.5800 16 452 -18.1700 114.2800 15 569 -48.2400 134.7400
-2.3368765795e+01 -3.7839259246e+00 -1.8209415326e+00
251 251 250
7 18 249 -427.0900 113.6900 19 221 -429.4000 52.8900 17 319 -454.0000 134.5200 20 200 -377.0800 53.8000 16 457 -435.7400 134.4900 15 574 -399.5000 167.4300 87 227 -441.3900 -316.0500
-2.2709293683e+01 -3.3368340468e+00 -1.4160406735e+00
43 44 46
7 18 254 -398.0500 136.8100 19 226 -397.6100 79.0800 17 328 -430.7400 154.6800 20 122 -342.3000 83.3300 16 462 -416.6600 151.8400 15 584 -384.7200 184.2400 87 234 -402.4100 -281.2400
-2.2471722833e+01 -2.5192926470e+00 -1.0367371491e+00
173 182 190
8 18 406 -390.4400 177.9000 19 366 -388.5700 122.4400 17 485 -425.3200 192.3900 20 211 -330.4000 129.3300 16 658 -412.2200 185.9300 15 599 -381.1800 216.0700 21 238 -256.9500 115.1900 87 364 -390.6900 -216.3400
-2.4081486181e+01 -2.4927912712e+00 -1.7857360514e+00
26 26 30
8 18 267 -463.4800 173.7300 19 239 -470.8100 115.2700 17 339 -485.7600 189.0800 20 131 -421.4600 120.4200 16 470 -460.5200 186.3300 15 600 -421.0700 218.0200 21 161 -352.5800 105.2700 87 246 -484.4600 -217.4900
-2.4080646153e+01 -2.4973066713e+00 -1.7827138824e+00
26 26 30
7 18 268 -463.4800 173.7300 19 240 -470.8100 115.2700 17 340 -485.7600 189.0800 20 132 -421.4600 120.4200 16 471 -460.5200 186.3300 15 601 -421.0700 218.0200 87 247 -484.4600 -217.4900
-2.2966898156e+01 -2.0349692954e+00 -1.0950165510e+00
213 221 225
4 18 805 -414.8500 199.5000 19 810 -415.8400 143.8400 20 822 -359.1600 151.7500 21 895 -285.8000 137.9300
-2.5194944759e+01 -6.0452708448e+00 4.9980092554e+01
77 67 78
2 18 1915 313.9399 180.0500 19 3150 -469.0200 136.5600
-1.7164002606e+01 -6.0556402242e-01 2.2768070512e+00
253 255 255
8 18 1210 -129.1500 298.9100 19 1196 -103.7200 255.7600 17 1036 -210.4100 304.0800 20 1232 -19.7700 270.2800 16 979 -239.1200 280.9000 91 595 -491.0600 -31.3300 15 910 -241.1900 305.3600 87 496 -63.7600 -38.8600
-3.6873196084e+01 3.5316653659e+01 -1.0305178463e+02
204 198 187
5 18 1417 -485.4700 551.7100 19 1404 -701.5000 498.9399 17 1266 -302.5800 550.6801 16 1197 -66.5900 525.2700 15 1676 132.2000 554.2200
-2.4334004361e+01 -2.6614322413e+00 -1.9356227236e+00
252 251 249
6 18 1912 -474.5300 164.9600 19 1857 -482.6700 104.7000 20 1213 -435.2100 109.2200 15 2342 -425.8800 212.0400 21 3372 -366.4200 91.7300 87 956 -499.0400 -228.9600
-2.1658889984e+01 2.7345921145e+01 -6.8259361923e+01
94 90 81
5 18 7527 -305.0400 590.9399 19 3601 -489.7000 541.5500 17 6381 -155.4900 588.9100 16 4900 51.4300 558.0400 15 4722 228.7200 585.5601
-2.0602363338e+01 -3.7127582020e+00 -1.1867927902e+00
10 12 11
5 18 6 -295.8100 123.8600 19 6 -289.2400 71.2900 17 10 -342.7300 139.3400 20 4 -234.4500 78.0600 16 11 -339.3900 132.3500
-8.6642640707e+00 -3.9723041820e+00 5.1541218278e+00
166 177 183
4 18 23 353.5000 146.9400 19 21 384.3900 123.4900 17 19 229.4200 153.3100 16 20 135.9700 111.3000
-8.7683104344e+00 -4.1554407279e+00 5.1773940438e+00
161 173 189
7 18 162 349.7900 136.2100 19 138 381.4200 112.5000 17 135 223.5900 143.8600 20 133 454.3700 132.0000 88 46 -36.4500 -180.2100 16 135 130.3500 103.0700 91 86 244.1000 -223.2800
-8.8426256077e+00 -4.6455334233e+00 4.9766017128e+00
158 167 175
8 18 248 342.2500 109.6900 19 232 375.0800 86.0500 17 211 218.5000 116.9900 20 206 447.0800 106.5600 88 75 -46.1400 -232.2600 16 199 126.0400 77.3400 91 136 236.7000 -265.2100 86 119 -175.2200 -302.5300
-9.2660664501e+00 -4.0607760126e+00 4.9381049732e+00
169 181 189
9 18 163 318.0400 140.4300 19 140 351.3400 115.3000 17 213 194.5500 148.2600 20 135 425.0400 134.6000 88 79 -89.8300 -175.0700 16 204 105.4200 109.3100 91 138 202.0000 -222.3400 86 123 -209.8000 -248.3900 87 144 534.0699 -342.7100
1.1361627752e+01 1.5959188296e+01 -5.1403564597e+01
250 247 236
5 18 315 316.2200 476.6600 19 443 149.7400 437.1200 17 266 444.0300 481.3101 88 97 132.6800 428.8700 16 261 634.6600 431.3800
1.1271252705e+01 1.6854535506e+01 -5.1373778112e+01
252 253 245
5 18 320 313.8400 492.5800 19 449 146.4600 453.0701 17 271 442.0200 497.2500 88 101 127.8400 469.1200 16 264 633.3900 446.4700
-8.6543433850e+00 -4.4698447678e+00 5.1325491483e+00
125 129 126
6 18 388 355.0000 119.4100 19 355 387.1200 96.2500 17 314 229.4800 126.9900 88 110 -25.0700 -211.3400 16 294 135.6400 86.4200 91 202 253.3400 -248.2600
-8.4486582447e+00 -4.1688633815e+00 5.3103899168e+00
98 98 96
7 18 397 368.1600 136.4500 19 358 400.0000 113.5800 17 322 241.5800 143.6600 20 336 471.5900 133.2700 88 115 -2.3600 -179.5900 16 302 146.7000 102.0100 91 204 270.2100 -220.3700
-9.0312906308e+00 -3.9347400441e+00 5.1134128753e+00
132 137 135
8 18 399 333.5400 147.5000 19 364 366.6899 123.1600 17 326 209.0300 155.3400 20 340 440.4100 142.0100 88 118 -63.9600 -160.0000 16 305 117.7900 115.3600 91 208 222.0100 -208.5300 21 362 471.9000 136.0800
-9.0302820802e+00 -3.9347387247e+00 5.1095348639e+00
132 137 135
7 18 400 333.5400 147.5000 19 365 366.6899 123.1600 17 327 209.0300 155.3400 20 341 440.4100 142.0100 88 119 -63.9600 -160.0000 16 306 117.7900 115.3600 91 209 222.0100 -208.5300
-8.3232607073e+00 -3.8247843756e+00 5.4258675734e+00
237 238 240
6 18 580 376.3600 155.6600 19 807 407.5500 131.8700 17 477 249.2700 162.8600 88 185 10.2100 -143.6100 16 310 154.3700 121.0900 91 587 279.0800 -191.5500
-8.6856155478e+00 -3.8297645251e+00 5.3005430809e+00
121 125 125
7 18 401 354.6700 154.6300 19 370 387.2200 130.4200 17 329 228.7400 161.8500 20 342 460.1300 149.5200 88 121 -26.7400 -146.8200 16 311 135.2300 120.9300 91 210 250.9000 -195.4800
-2.4165867004e+01 -4.0175787962e+00 -2.0271164437e+00
129 122 116
4 18 387 -463.0200 101.1500 19 217 -467.9800 38.7700 17 313 -485.3000 122.9800 16 454 -462.3400 124.9400
1.4511224337e+01 1.3517913151e+01 -4.6477678880e+01
211 209 122
5 18 923 409.1600 451.5900 19 903 244.2700 415.1700 17 813 533.4000 456.5300 88 222 337.9200 371.7800 16 524 721.5800 402.7700
-8.3001104888e+00 -5.2961059786e+00 5.0441825299e+00
46 49 55
8 18 559 372.8900 75.3300 19 536 404.6000 54.0800 17 462 248.3400 83.2000 20 508 473.4399 75.2900 88 251 9.9900 -292.4500 16 630 152.5100 42.2600 91 279 281.8500 -312.4900 21 878 498.6801 74.0300
-7.7073667529e+00 -4.1255107740e+00 5.6005145626e+00
41 48 54
5 18 574 411.9399 140.2400 19 552 441.5000 118.2500 17 703 283.7000 147.6000 88 258 75.8700 -170.1900 16 637 185.3500 103.7000
-2.3425264298e+01 -3.5534449341e+00 -1.7799202332e+00
205 206 208
4 18 565 -430.2400 124.7800 19 349 -433.2100 66.4800 17 474 -457.1100 143.6100 16 646 -438.1800 141.8800
-8.8774774507e+00 -3.1971965610e+00 5.3137278426e+00
186 199 211
5 18 803 343.8199 188.9800 19 814 375.4301 163.5900 17 720 217.9800 195.0100 20 824 449.1000 181.8800 16 652 126.7400 154.2900
1.6462369877e+01 1.3136873301e+01 -4.4992369473e+01
111 113 61
5 18 922 457.0100 450.7000 19 901 290.9500 415.4400 17 812 581.8101 455.5400 88 221 444.9900 368.8800 16 747 772.7500 400.3400
1.3900022300e+01 1.4084004468e+01 -4.7640315781e+01
101 85 54
5 18 1361 389.1400 457.4299 19 1341 223.4100 420.7800 17 1204 513.8500 462.2000 88 324 293.5800 385.2500 16 750 702.8700 409.3100
1.5024276367e+01 1.0525535994e+01 -4.2063906784e+01
184 183 127
5 18 1288 456.6899 410.7400 19 1257 296.6200 377.3600 17 1143 574.8300 414.8200 88 411 437.7500 280.1000 16 1030 755.8101 357.7200
1.1838182467e+01 1.1474687333e+01 -4.4595318477e+01
206 197 101
6 18 1296 374.7600 419.9400 19 1269 216.4200 384.0400 17 1151 493.1000 423.5300 20 2069 83.2600 387.2900 88 417 255.4100 300.0100 16 1054 671.9200 369.8500
1.6509082948e+01 1.2235549924e+01 -4.3790896213e+01
113 110 57
6 18 2110 468.4800 438.3600 19 2051 303.7800 403.8500 17 1816 591.7800 442.9600 88 441 469.1000 341.1600 16 1080 780.5100 386.5300 91 657 -488.2800 157.2900
1.4052797937e+01 1.5047989284e+01 -4.8971634935e+01
248 247 141
4 18 2191 380.9700 469.9900 19 2107 214.2800 432.6000 17 1875 508.5601 474.7200 16 1124 700.1000 422.4500
-1.0885087101e+01 -2.5792593334e+00 4.8084109950e+00
187 207 212
10 18 1921 229.4100 218.1500 19 1872 264.7700 187.7600 17 1621 108.4600 224.5900 20 3365 346.9100 204.7800 88 531 -254.3200 -34.1900 16 1451 28.0500 188.7300 91 1154 74.2800 -115.2700 21 3393 392.7100 194.5900 86 596 -346.9300 -110.0700 87 698 396.7500 -200.7600
-2.1573742671e+01 -1.5552176230e+00 6.0176083970e-02
168 190 206
5 18 1923 -351.8600 230.8500 19 1869 -343.3200 179.0300 17 1623 -397.6300 241.2200 16 1464 -392.6600 230.0300 87 963 -350.0900 -131.9200
1.1011397346e+01 1.4070730478e+01 -4.8561421641e+01
139 145 80
6 18 1354 329.7700 453.6500 19 1325 167.2700 415.9800 17 1842 453.0900 457.7000 20 1365 28.8100 418.5500 88 453 158.4900 377.0600 16 1621 638.2500 406.4600
1.1032994932e+01 1.1283285574e+01 -4.4427274922e+01
232 224 138
5 18 3689 361.1400 416.6200 19 3351 203.8200 380.5400 17 3012 478.1600 420.0900 88 858 223.2100 293.2800 16 2495 654.4301 366.7300
1.1400207299e+01 1.1254750272e+01 -4.4214706308e+01
151 136 38
6 18 3693 369.8101 416.9400 19 3353 211.9700 381.0900 17 3014 486.8700 420.6300 20 3518 79.3200 384.5500 88 861 242.5300 294.0300 16 2498 663.4301 366.8900
1.3484009967e+01 1.4013551116e+01 -4.7783798088e+01
152 140 72
6 18 7293 380.1700 455.6500 19 6209 215.5800 418.7300 17 3151 505.0900 460.1300 20 6621 76.0200 421.3700 88 985 274.3199 381.3100 16 2610 693.0900 407.3700
1.1150798716e+01 1.5482810992e+01 -5.1174519943e+01
245 228 179
5 18 7355 314.3900 468.4399 19 6234 148.6700 429.5200 17 6153 441.5400 472.8199 88 1018 127.7600 411.8200 16 2641 631.0000 422.6900
1.0109422282e+01 1.5773442269e+01 -5.1591621974e+01
217 214 147
5 18 3950 293.2300 472.1500 19 3530 127.4800 433.2400 17 3182 419.9700 476.4100 88 699 78.8800 420.3400 16 2652 608.6200 426.8201
1.0540573382e+01 1.9190224516e+01 -5.0714081200e+01
236 214 164
5 18 4050 303.0601 539.6400 19 3590 134.7500 498.8800 17 3273 430.6700 544.6899 88 734 100.2500 574.4100 16 2729 623.9700 497.4100
1.0573732588e+01 2.0429669295e+01 -5.0424771056e+01
253 251 230
4 18 7508 304.5601 564.2400 19 6344 135.3400 523.2000 17 6351 432.4399 569.8101 16 2768 627.2500 523.3800
1.6535306223e+01 1.1843664441e+01 -4.3344032901e+01
244 228 137
6 18 3767 472.7700 432.2500 19 6128 308.7100 398.1200 17 5934 595.8600 437.1600 88 915 478.5900 328.0100 16 4490 783.9500 380.2900 91 1253 -474.0300 145.7000
-3.3599095318e+00 2.7318397043e+01 -8.4519590022e+01
253 251 237
5 18 7470 -40.7800 520.5601 19 6323 -228.8300 473.5200 17 6279 116.0200 523.7400 16 4761 332.8400 485.3000 86 1135 615.2400 512.0400
1.0412503698e+01 2.0343907506e+01 -5.0369502965e+01
132 121 89
4 18 7507 302.0300 562.9399 19 6343 133.1400 521.5900 17 6348 429.7400 568.6899 16 4836 624.1100 522.2600
-8.6144395654e+00 -3.9841132102e+00 5.1326077301e+00
166 177 183
5 18 24 353.5000 146.9400 19 22 384.3900 123.4900 17 20 229.4200 153.3100 88 6 -20.9000 -165.5200 91 13 249.4800 -209.1000
-2.3424342677e+01 -2.8583235460e+00 -1.4553622153e+00
179 190 200
3 18 18 -434.1600 157.9900 19 17 -435.4000 101.8900 17 21 -461.1300 173.7000
2.9439899131e+01 2.4723592992e+01 -6.3977725278e+01
191 190 180
4 18 86 515.5699 564.6000 19 80 320.2300 524.3400 17 86 677.4200 575.3800 20 77 153.8100 523.8199
-1.7885986508e+01 2.8210734468e-01 1.9046611470e+00
166 202 238
3 18 178 -169.7800 341.2600 19 155 -148.4000 298.1100 17 149 -242.9300 342.6000
2.2950337754e+01 1.2089266113e+01 -4.0634264833e+01
179 186 105
4 18 194 618.5100 448.5200 19 171 444.9399 416.3600 17 173 750.3000 454.9600 20 249 301.9800 419.2200
-8.8481628072e+00 -5.1412250933e+00 4.7833663315e+00
221 227 228
6 18 239 339.0400 81.9700 19 222 371.3400 58.7600 17 208 217.4100 91.7000 88 70 -48.4800 -278.7500 91 195 232.6100 -309.5600 21 341 473.0200 76.1000
-1.1636350373e+01 -1.2035051367e-01 4.2930443905e+00
215 234 251
4 18 278 175.9400 347.0000 19 266 204.3700 312.0900 17 228 64.3000 349.7300 88 88 -345.9600 194.5100
2.2104397385e+01 9.3295902670e+00 -3.7327617142e+01
151 151 73
3 18 297 640.3700 405.5400 19 283 471.4800 375.6300 17 250 766.0800 411.1300
1.2461393650e+01 2.6909132627e+01 -7.4172968399e+01
199 196 183
4 18 333 211.5300 555.9700 19 307 24.9200 512.7500 17 282 364.5200 560.9301 20 265 -140.6800 516.0900
1.2487193498e+01 2.6941931884e+01 -7.4268232135e+01
199 196 183
3 18 334 211.5300 555.9700 19 308 24.9200 512.7500 17 283 364.5200 560.9301
-9.1832426258e+00 -4.4483379402e+00 4.8792834471e+00
159 168 175
4 18 389 322.5900 119.1100 19 353 355.7200 94.5000 17 316 199.7900 127.1400 88 112 -81.6500 -212.9800
-9.0113077558e+00 -4.3268626747e+00 5.0149578052e+00
127 128 127
6 18 393 333.8300 126.0800 19 357 366.9500 101.9200 17 318 209.9300 133.9700 20 331 440.0699 121.4900 88 114 -62.8100 -199.0900 91 203 223.8500 -240.9900
-2.3727578948e+01 -3.1289892256e+00 -1.7419605847e+00
180 189 193
5 18 258 -445.6100 143.9300 19 230 -450.0100 84.6400 17 333 -470.7700 162.2400 20 202 -399.0100 88.0100 87 238 -464.9200 -264.3500
-2.4034743646e+01 -3.0278965990e+00 -1.8818157531e+00
27 28 28
4 18 259 -459.5900 147.3500 19 233 -466.3200 87.2600 17 334 -482.0700 165.9500 87 242 -481.9100 -256.4500
-2.3755558214e+01 -2.0670339734e+00 -1.5346686818e+00
19 19 25
4 18 272 -450.6800 195.2100 19 252 -456.1800 138.0800 17 346 -475.5200 207.8100 20 138 -404.5100 144.9000
2.3458083712e+01 1.1239774628e+01 -3.9240835945e+01
124 116 69
4 18 640 643.6899 437.2000 19 621 469.8101 406.3300 17 383 775.0200 443.5300 20 602 327.6899 409.2600
1.7262855992e+01 1.2802223164e+01 -4.4198217444e+01
204 210 124
3 18 463 478.4900 447.6799 19 429 312.1899 412.5000 17 385 603.8400 452.7300
-8.8244841548e+00 -4.3743673001e+00 5.0789960068e+00
162 169 181
5 18 566 344.6100 124.2500 19 542 377.2700 100.4700 17 466 219.9800 131.8200 20 806 449.7000 119.9400 91 384 239.1400 -242.4700
-8.5791966878e+00 -4.2950597026e+00 5.2130299201e+00
162 170 181
6 18 568 359.7200 129.1300 19 547 391.9100 106.0600 17 468 233.9600 136.4700 20 517 463.4500 125.8000 88 254 -16.6100 -193.4700 91 388 259.4399 -232.3200
-3.9704163142e+00 -4.3390894105e+00 5.3192331440e+00
45 49 51
3 18 396 591.7500 134.7200 19 243 597.0200 119.8900 17 470 477.7400 138.8000
-2.4565685527e+01 -3.6013246874e+00 -2.1413750010e+00
138 136 131
3 18 391 -482.1000 119.8100 19 347 -489.9400 57.6500 17 472 -501.1600 139.8400
-9.0027407596e+00 -4.1367549755e+00 5.0911243136e+00
166 176 185
5 18 571 335.4000 136.9300 19 549 368.3400 112.4300 17 473 210.5100 144.4000 20 812 441.5699 131.4700 88 256 -60.8400 -180.0300
-2.6022846277e+01 -2.2995194075e+00 -2.5823180796e+00
107 116 118
3 18 407 -550.4900 176.3600 19 241 -568.1400 114.2900 17 486 -557.7800 192.6700
-2.5661294840e+01 -2.2055952536e+00 -2.2607324178e+00
72 76 75
4 18 410 -536.2200 182.3300 19 363 -551.0900 120.4200 17 487 -547.1200 198.8000 20 333 -509.6000 125.1300
-2.3494944849e+01 -2.0163651003e+00 -1.3480820187e+00
253 254 251
3 18 412 -439.2500 198.7600 19 375 -442.8600 141.0500 17 491 -466.6100 213.2900
2.0639444422e+01 8.9057833117e+00 -3.7711583245e+01
202 206 121
3 18 610 607.7300 395.1900 19 590 442.6000 365.4900 17 520 730.8000 399.0600
1.9212963484e+01 9.5913578132e+00 -3.9147645831e+01
122 131 88
4 18 621 565.0200 403.9200 19 863 400.6700 373.0000 17 534 686.5400 408.0000 88 202 678.0200 263.3100
2.0308475813e+01 1.0687010594e+01 -4.0024790849e+01
192 187 128
4 18 633 575.8500 422.8400 19 881 408.8101 390.9800 17 546 701.1300 427.8101 88 209 706.1700 305.8900
2.1179122746e+01 1.0825169824e+01 -3.9853673341e+01
158 174 85
5 18 634 594.2700 426.2500 19 612 424.9000 394.6900 17 549 721.2600 431.8800 20 585 286.1300 397.5100 88 148 746.9500 313.9300
2.2969688387e+01 1.1026153474e+01 -3.9321955589e+01
218 215 141
4 18 639 633.5699 432.8700 19 884 461.7000 400.8200 17 554 763.8199 438.8900 20 596 319.2700 404.6800
2.1796713243e+01 1.1826474423e+01 -4.0912469633e+01
119 127 78
4 18 641 594.3400 442.0100 19 628 422.9000 409.7800 17 556 724.2700 447.9200 88 153 749.6500 349.0600
1.4209409334e+01 1.2914216108e+01 -4.5562238161e+01
100 106 57
4 18 644 410.8800 444.1000 19 626 247.4301 408.3800 17 557 533.0601 448.3800 88 219 340.8400 354.2300
2.3573816233e+01 1.2218005110e+01 -4.0325824427e+01
200 198 118
4 18 649 633.3000 452.5500 19 906 458.2900 420.6400 17 564 766.3500 458.8500 20 921 314.8900 423.2300
2.3573816233e+01 1.2218005110e+01 -4.0325824427e+01
200 198 118
4 18 650 633.3000 452.5500 19 907 458.2900 420.6400 17 565 766.3500 458.8500 20 922 314.8900 423.2300
2.1742898062e+01 1.3377113679e+01 -4.3101669356e+01
188 186 116
3 18 658 570.4399 463.3600 19 648 397.1200 429.7100 17 573 702.4800 469.7100
-2.1186813219e+01 -5.0123981440e+00 2.6111486813e-01
198 176 165
4 18 787 -325.1400 60.9200 19 794 -306.1100 4.6500 17 697 -378.9100 83.4100 20 800 -231.0700 8.7100
-1.1932091591e+01 -3.9970221791e+00 3.3386814902e+00
67 68 68
3 18 795 157.4700 134.9700 19 803 188.6400 102.5800 17 702 50.9900 145.2100
-2.3848371932e+01 -3.2356860947e+00 -1.8473898210e+00
174 183 187
5 18 573 -450.5800 138.9500 19 538 -455.7000 78.7900 17 709 -474.8600 158.2200 20 319 -405.2700 81.7900 21 338 -336.9500 64.9400
-5.4229430063e+00 -2.4432827109e+00 6.7521314485e+00
187 171 189
3 18 1206 552.9900 242.1600 19 1193 571.8900 221.8100 17 726 420.1600 245.6100
2.1105920952e+01 8.9696186150e+00 -3.7629164539e+01
113 118 63
3 18 849 618.0000 396.8200 19 857 451.3400 367.7000 17 762 741.5100 400.5800
2.1105920952e+01 8.9696186150e+00 -3.7629164539e+01
113 118 63
3 18 850 618.0000 396.8200 19 858 451.3400 367.7000 17 763 741.5100 400.5800
2.3151484289e+01 1.0072222080e+01 -3.8248323119e+01
217 211 138
3 18 874 649.5300 417.3200 19 1273 477.9200 387.6100 17 787 779.0100 422.7700
2.3654982402e+01 1.0538730903e+01 -3.8990689981e+01
77 63 54
4 18 882 650.6600 423.8600 19 1282 476.8300 393.5700 17 792 782.0500 429.5800 20 1317 335.5100 396.8400
2.2424697654e+01 1.0708085269e+01 -3.9283117080e+01
230 219 164
4 18 883 624.2000 426.1400 19 1290 452.6400 395.5400 17 793 752.8300 431.6100 20 1321 312.3199 398.6200
2.3893827691e+01 1.0930187551e+01 -3.8760915927e+01
89 91 57
3 18 899 657.4399 433.0601 19 887 483.1300 402.4600 17 796 789.2900 439.2500
2.2546861287e+01 1.1439215874e+01 -4.0304321159e+01
228 219 132
4 18 904 614.9399 436.8400 19 890 442.5699 405.1800 17 801 745.3101 442.6400 20 1345 301.0200 408.1600
-2.5847156137e+01 3.2850710053e+01 -9.6833248839e+01
200 196 185
4 18 694 -350.5900 545.6700 19 679 -554.1200 494.0900 17 866 -178.6700 545.4900 20 660 -759.4600 505.0800
-1.6484476833e+01 -6.1264209255e-01 2.5737989343e+00
80 105 134
6 18 812 -92.1400 301.9100 19 818 -64.4900 260.2100 17 1037 -178.3500 306.2700 20 831 20.6000 275.2600 91 288 -430.8400 -22.8000 21 910 96.5700 262.4500
2.2302559725e+01 8.7639515903e+00 -3.6919430055e+01
213 212 138
3 18 2015 649.2600 395.2400 19 3294 480.6500 366.4500 17 1106 774.7600 399.8300
2.0124870253e+01 1.0941062514e+01 -4.0449109533e+01
211 207 135
5 18 1310 568.0300 425.8101 19 1287 400.4800 394.4900 17 1162 693.5000 430.9100 20 2107 262.4200 398.9000 88 422 689.1801 313.1500
2.0827627023e+01 1.1047800476e+01 -4.0344170935e+01
229 223 139
4 18 2082 582.5100 428.4900 19 2025 413.6100 396.5000 17 1168 709.1400 433.9800 88 430 721.3800 319.6000
2.0460905226e+01 1.2804610321e+01 -4.2843990297e+01
232 236 138
4 18 1352 549.6100 453.2400 19 1337 379.2300 419.7600 17 1196 678.7400 459.2200 88 323 653.4600 374.0900
1.2265712863e+01 1.4022659472e+01 -4.7823232182e+01
168 189 85
4 18 2155 357.8500 455.9200 19 2082 194.0900 418.3900 17 1197 481.3800 460.1400 88 457 222.1100 381.4800
2.1952913505e+01 1.3129959718e+01 -4.2807049719e+01
218 219 115
4 18 1363 577.4800 459.7200 19 1358 403.9100 426.3400 17 1212 709.5000 466.1799 88 460 716.3000 388.4100
2.3389809865e+01 1.3144565139e+01 -4.2172443705e+01
227 218 159
3 18 1370 609.8500 462.6899 19 1361 434.3101 429.8201 17 1223 744.4800 469.7200
-1.7572745629e+01 3.1923463379e+00 1.3213408567e+00
177 202 218
4 18 946 -160.7300 482.8101 19 918 -152.6300 440.9500 17 1230 -226.6000 476.2700 20 640 -82.0900 459.9700
-7.9936207587e+00 -4.8048185272e+00 5.2341508327e+00
20 19 27
4 18 1182 391.0200 102.6200 19 1172 421.3800 82.2900 17 1596 265.4700 108.8600 88 516 42.1100 -241.6800
-9.4161324173e+00 -4.7848673334e+00 4.6159999156e+00
250 248 236
6 18 1888 306.8101 100.1000 19 3131 339.7900 75.1700 17 1597 186.6100 109.1900 20 3344 413.0300 94.1300 88 515 -108.9700 -248.4400 21 5880 445.6100 90.4500
-2.1886981151e+01 -3.3759934207e+00 -8.7322160649e-01
105 106 106
