# Bundle file v0.3
110 6002
0 0 0
0 0 0
0 0 0
0 0 0
0 0 0
0 0 0
0 0 0
0 0 0
0 0 0
0 0 0
0 0 0
0 0 0
0 0 0
0 0 0
0 0 0
1.6697922285e+03 -1.2272793213e-01 1.1549829257e-01
-5.0116147458e-01 1.4917248150e-01 -8.5239940589e-01
-2.9371472487e-01 8.9723233424e-01 3.2970562445e-01
8.1398331481e-01 4.1559801391e-01 -4.0584412531e-01
-8.8256492584e+00 4.4298466017e+00 -4.0960575034e+01
1.6727193947e+03 -1.4382827641e-01 1.6817112933e-01
-3.4111346969e-01 1.8031073822e-01 -9.2256687480e-01
-3.2217521214e-01 8.9956386976e-01 2.9493724231e-01
8.8308817990e-01 3.9783524466e-01 -2.4876170249e-01
-7.8143025512e+00 6.6166613324e+00 -4.4966903084e+01
1.6722181889e+03 -1.5381569761e-01 1.9460535974e-01
-2.0078697123e-01 1.8820413802e-01 -9.6138639195e-01
-3.2934744388e-01 9.1128059674e-01 2.4717996523e-01
9.2261305724e-01 3.6626066733e-01 -1.2098871918e-01
-6.9386901406e+00 6.4058398701e+00 -4.1368703158e+01
1.6706944603e+03 -1.5134950089e-01 1.7821463871e-01
-9.3828744141e-02 2.1278656982e-01 -9.7258318024e-01
-3.2443608683e-01 9.1703247077e-01 2.3193247533e-01
9.4124247266e-01 3.3730301400e-01 -1.7008363025e-02
-5.0185958649e+00 5.3058042492e+00 -3.6869517468e+01
1.6711621665e+03 -1.6062655082e-01 2.0158179461e-01
-2.4475825729e-02 2.2192845998e-01 -9.7475570919e-01
-3.1406496635e-01 9.2397450115e-01 2.1825287658e-01
9.4908594493e-01 3.1147853838e-01 4.7084915449e-02
-1.6010410980e+00 4.5756384827e+00 -3.4380881293e+01
1.6693417597e+03 -1.5392161815e-01 1.8187296308e-01
9.9072888427e-02 2.4266723267e-01 -9.6503739667e-01
-3.1979953519e-01 9.2612516706e-01 2.0005107408e-01
9.4229126074e-01 2.8879887315e-01 1.6935876356e-01
4.6575490630e-01 4.1846133224e+00 -3.1305627854e+01
1.6696794190e+03 -1.5526930377e-01 1.8243000650e-01
2.4724626381e-01 2.0635469916e-01 -9.4672436494e-01
-2.7591310400e-01 9.5160359731e-01 1.3536082380e-01
9.2883865341e-01 2.2774620021e-01 2.9221639964e-01
2.1233508580e+00 2.8942529194e+00 -2.9154998856e+01
1.6708437946e+03 -1.6131709159e-01 2.0278788386e-01
3.9613066577e-01 1.9940934947e-01 -8.9627920147e-01
-2.6660394405e-01 9.5905861881e-01 9.5545291339e-02
8.7863691742e-01 2.0110315021e-01 4.3307584823e-01
4.1064381717e+00 3.1255684783e+00 -2.7862915378e+01
1.6719452079e+03 -1.6209213478e-01 2.1086930390e-01
5.7733527432e-01 2.1381900322e-01 -7.8801358801e-01
-2.7821176761e-01 9.5886559308e-01 5.6347020962e-02
7.6764718027e-01 1.8670353042e-01 6.1307389306e-01
4.5990961038e+00 3.9111403920e+00 -2.7092155943e+01
1.6706155966e+03 -1.3734460754e-01 1.5541448506e-01
7.1729510776e-01 1.6429949387e-01 -6.7712141060e-01
-2.2214711459e-01 9.7501235243e-01 1.2538335232e-03
6.6040774364e-01 1.4952119894e-01 7.3587024889e-01
6.1939176153e+00 4.6792273357e+00 -2.8173329195e+01
1.6791661302e+03 -1.7243308100e-01 2.2763953099e-01
8.1613866421e-01 1.4440474927e-01 -5.5952207210e-01
-1.7580896857e-01 9.8442143500e-01 -2.3758960377e-03
5.5046243046e-01 1.0030805901e-01 8.2881204501e-01
7.8892551658e+00 4.9749434922e+00 -3.0428783132e+01
1.6732403815e+03 -1.4560871499e-01 1.6781218574e-01
9.1717681001e-01 1.0171991473e-01 -3.8527880571e-01
-1.1625751801e-01 9.9311238846e-01 -1.4559306024e-02
3.8114418360e-01 5.8145015547e-02 9.2268535725e-01
8.0762262946e+00 4.9973577847e+00 -3.1775840521e+01
1.6744213525e+03 -1.5267317814e-01 1.8949235744e-01
9.4867278010e-01 8.7761609792e-02 -3.0383853629e-01
-1.0027295278e-01 9.9462563997e-01 -2.5790914063e-02
2.9994214647e-01 5.4933925347e-02 9.5237438679e-01
1.1646668554e+01 5.5871627159e+00 -3.3012516670e+01
1.6734162721e+03 -1.5450471841e-01 2.0573656692e-01
9.8561881394e-01 5.2578499189e-02 -1.6059593713e-01
-5.6451214538e-02 9.9821207136e-01 -1.9644871417e-02
1.5927590520e-01 2.8428190566e-02 9.8682471797e-01
1.2113450287e+01 5.6903804198e+00 -3.4887353744e+01
1.6682149397e+03 -1.3674753119e-01 1.5979507972e-01
9.9980875858e-01 -1.7873803272e-02 7.9355790140e-03
1.8182506908e-02 9.9900587091e-01 -4.0702166040e-02
-7.2001875155e-03 4.0838670821e-02 9.9913981017e-01
1.2826482974e+01 7.1849180353e+00 -3.5853198672e+01
1.6659159203e+03 -1.3191787609e-01 1.4107563946e-01
9.8777169147e-01 -4.2260534414e-02 1.5007042604e-01
4.8101113303e-02 9.9821130443e-01 -3.5503163454e-02
-1.4830161307e-01 4.2287574384e-02 9.8803764737e-01
1.4121960272e+01 7.2278017169e+00 -3.6248828005e+01
1.6674604033e+03 -1.5654289500e-01 1.9362769231e-01
9.5278393146e-01 -9.0892439811e-02 2.8972632662e-01
9.4594480653e-02 9.9551512720e-01 1.2311535969e-03
-2.8853884345e-01 2.6233488034e-02 9.5710873986e-01
1.3719567559e+01 7.0651645257e+00 -3.8222595709e+01
1.6624850786e+03 -1.4682071235e-01 1.6669138424e-01
8.9652906907e-01 -1.1351923975e-01 4.2819272590e-01
1.1987595456e-01 9.9271403149e-01 1.2190455080e-02
-4.2645677838e-01 4.0400914410e-02 9.0360521374e-01
1.4049377168e+01 7.6562388521e+00 -3.9789325058e+01
1.6586507479e+03 -1.3297046302e-01 1.1645101324e-01
8.0162483662e-01 -1.3267740150e-01 5.8291880090e-01
1.3492380167e-01 9.9005634865e-01 3.9799425179e-02
-5.8240294389e-01 4.6745412976e-02 8.1155509814e-01
1.3568724856e+01 7.7033893795e+00 -4.2726373368e+01
0 0 0
0 0 0
0 0 0
0 0 0
0 0 0
0 0 0
0 0 0
0 0 0
0 0 0
0 0 0
0 0 0
0 0 0
0 0 0
0 0 0
0 0 0
0 0 0
0 0 0
0 0 0
0 0 0
0 0 0
0 0 0
0 0 0
0 0 0
0 0 0
0 0 0
0 0 0
0 0 0
0 0 0
0 0 0
0 0 0
1.4832685808e+03 -5.1393706273e-01 -3.4188824161e-02
1.7077429124e-01 2.1590143028e-01 -9.6136502633e-01
-2.8910748408e-01 9.4373158108e-01 1.6058507252e-01
9.4194108314e-01 2.5051402210e-01 2.2358381120e-01
2.7011963722e+00 3.1705592201e+00 -2.3433511971e+01
1.5275380619e+03 -3.6267731917e-02 -8.6427447722e-02
3.5217209543e-01 2.4294961574e-01 -9.0385302976e-01
-1.6714896600e-01 9.6652246720e-01 1.9466777741e-01
9.2088872203e-01 8.2521540257e-02 3.8099101961e-01
4.7655245012e+00 3.1682397076e+00 -2.4141370209e+01
2.3358464561e+03 -9.2103202063e-02 -2.5155671803e-03
5.7143929571e-01 1.9836416299e-01 -7.9630948139e-01
-1.9185150978e-01 9.7574903846e-01 1.0538886153e-01
7.9790358409e-01 9.2549839448e-02 5.9563780749e-01
4.8786853372e+00 3.1885539538e+00 -3.6710451121e+01
1.6905009673e+03 -7.1926843240e-02 -2.0386537435e-03
7.6477725535e-01 1.3240965643e-01 -6.3054217352e-01
-1.3715461810e-01 9.8968105226e-01 4.1473190558e-02
6.2952709269e-01 5.4764018156e-02 7.7504615468e-01
5.9204497618e+00 3.7585520935e+00 -2.7127189203e+01
0 0 0
0 0 0
0 0 0
0 0 0
0 0 0
0 0 0
0 0 0
0 0 0
0 0 0
0 0 0
0 0 0
0 0 0
0 0 0
0 0 0
0 0 0
0 0 0
0 0 0
0 0 0
0 0 0
0 0 0
0 0 0
0 0 0
0 0 0
0 0 0
0 0 0
0 0 0
0 0 0
0 0 0
0 0 0
0 0 0
0 0 0
0 0 0
0 0 0
0 0 0
0 0 0
0 0 0
0 0 0
0 0 0
0 0 0
0 0 0
0 0 0
0 0 0
0 0 0
0 0 0
0 0 0
0 0 0
0 0 0
0 0 0
0 0 0
0 0 0
0 0 0
0 0 0
0 0 0
0 0 0
0 0 0
1.6615234316e+03 -1.4789803264e-01 1.7134889420e-01
1.3656116129e-01 2.0281480008e-01 -9.6964798051e-01
-3.0214279616e-01 9.4070684151e-01 1.5420884886e-01
9.4343032597e-01 2.7191321264e-01 1.8974304950e-01
-6.9243863889e-02 -2.5119634945e+00 -9.6734448519e+00
1.6674638673e+03 -1.7436109769e-01 2.1159762367e-01
3.5225958185e-01 2.4972613795e-01 -9.0197008987e-01
-3.9020316956e-01 9.1517348726e-01 1.0098997317e-01
8.5067894852e-01 3.1637690220e-01 4.1982256049e-01
3.0269404042e+00 -9.9509354468e-01 -1.0107298363e+01
1.6618319903e+03 -1.6022553355e-01 1.9768091963e-01
3.8648723739e-01 1.8725556892e-01 -9.0308524916e-01
-2.8078634458e-01 9.5658070902e-01 7.8181684770e-02
8.7851388380e-01 2.2335778259e-01 4.2228504227e-01
3.1005001406e+00 -1.9084912900e+00 -9.9119157146e+00
1.6612720911e+03 -1.3020187534e-01 1.4343573948e-01
7.3253312861e-01 1.5669775006e-01 -6.6245077599e-01
-2.3675017043e-01 9.7103999227e-01 -3.2104364292e-02
6.3823551475e-01 1.8035284453e-01 7.4841718258e-01
5.2598528464e+00 -4.0794776464e-01 -1.2203252021e+01
0 0 0
0 0 0
0 0 0
0 0 0
0 0 0
0 0 0
0 0 0
0 0 0
0 0 0
0 0 0
0 0 0
0 0 0
0 0 0
0 0 0
0 0 0
0 0 0
0 0 0
0 0 0
0 0 0
0 0 0
0 0 0
0 0 0
0 0 0
0 0 0
0 0 0
0 0 0
0 0 0
0 0 0
0 0 0
0 0 0
0 0 0
0 0 0
0 0 0
0 0 0
0 0 0
0 0 0
0 0 0
0 0 0
0 0 0
0 0 0
0 0 0
0 0 0
0 0 0
0 0 0
0 0 0
2.0213073841e+03 4.5535308225e-02 1.8977255788e-03
6.7993665286e-01 1.4619172338e-01 -7.1855001782e-01
-2.9109112045e-01 9.5321644472e-01 -8.1512999583e-02
6.7301716746e-01 2.6458720589e-01 6.9068191144e-01
2.5545486378e+00 1.8534137811e+00 -1.1815028451e+01
0 0 0
0 0 0
0 0 0
0 0 0
0 0 0
0 0 0
0 0 0
0 0 0
0 0 0
0 0 0
0 0 0
0 0 0
0 0 0
0 0 0
0 0 0
0 0 0
0 0 0
0 0 0
0 0 0
0 0 0
0 0 0
0 0 0
0 0 0
0 0 0
0 0 0
0 0 0
0 0 0
0 0 0
0 0 0
0 0 0
0 0 0
0 0 0
0 0 0
0 0 0
0 0 0
0 0 0
0 0 0
0 0 0
0 0 0
0 0 0
0 0 0
0 0 0
0 0 0
0 0 0
0 0 0
0 0 0
0 0 0
0 0 0
0 0 0
0 0 0
1.6604236593e+03 -1.6120235842e-01 1.9630723417e-01
2.1180720009e-01 2.5927870770e-01 -9.4229096447e-01
-3.4209606350e-01 9.2283834156e-01 1.7703016322e-01
9.1548238286e-01 2.8485776641e-01 2.8416203051e-01
-2.8959757657e+00 -5.4054223428e+00 -2.0203792766e+00
0 0 0
0 0 0
0 0 0
0 0 0
0 0 0
0 0 0
0 0 0
0 0 0
0 0 0
0 0 0
0 0 0
0 0 0
0 0 0
0 0 0
0 0 0
1.6557651151e+03 -1.3677171419e-01 1.4759916993e-01
3.8888010917e-01 2.8133170137e-01 -8.7728258532e-01
-3.4830052460e-01 9.2645639050e-01 1.4270704634e-01
8.5291207358e-01 2.5006205293e-01 4.5826844144e-01
5.4593453046e+00 -4.6728575619e+00 -3.0755820751e+00
0 0 0
0 0 0
0 0 0
0 0 0
0 0 0
0 0 0
0 0 0
0 0 0
0 0 0
0 0 0
0 0 0
0 0 0
0 0 0
0 0 0
0 0 0
0 0 0
0 0 0
0 0 0
0 0 0
0 0 0
0 0 0
0 0 0
0 0 0
0 0 0
0 0 0
0 0 0
0 0 0
0 0 0
0 0 0
0 0 0
0 0 0
0 0 0
0 0 0
0 0 0
0 0 0
4.7785235590e+03 8.3193270660e-02 1.1622221340e-03
-3.1744843705e-01 1.7491690658e-01 -9.3200352231e-01
-1.7845268597e-01 9.5426088106e-01 2.3987665528e-01
9.3133298486e-01 2.4246700119e-01 -2.7171423343e-01
-3.3581769532e+00 -5.2117392433e-01 -4.9815833621e+01
4.7719948826e+03 4.9269155384e-02 -8.6862597716e-04
-2.0115570419e-01 2.1276210646e-01 -9.5617397409e-01
-1.5501227653e-01 9.5691305511e-01 2.4553736801e-01
9.6721640639e-01 1.9760994665e-01 -1.5950778097e-01
-9.7739081848e+00 -1.5439778616e+00 -4.9081372214e+01
4.7697048757e+03 6.2264406112e-02 -4.7013977393e-03
3.9872135046e-02 2.3750981403e-01 -9.7056648463e-01
-1.4431561885e-01 9.6252321561e-01 2.2961285149e-01
9.8872807940e-01 1.3091274824e-01 7.2654231434e-02
-1.3350545097e+00 -1.2722941110e+00 -4.6227376555e+01
4.8140131654e+03 -6.1920678408e-02 1.3427412970e-04
2.7800818175e-01 2.6932684773e-01 -9.2204907677e-01
-1.7657420318e-01 9.5786087453e-01 2.2654821961e-01
9.4421025289e-01 9.9827822414e-02 3.1384933363e-01
3.1813390180e+00 4.1968929668e-01 -4.5409687403e+01
4.7673480335e+03 8.1762404906e-02 6.8963630443e-04
5.2976044112e-01 1.7873221621e-01 -8.2910112164e-01
-1.3612400242e-01 9.8278879110e-01 1.2488574003e-01
8.3715239412e-01 4.6701038359e-02 5.4497236813e-01
3.8182760440e+00 2.8820583040e-01 -4.3782307414e+01
4.7803154606e+03 7.6441270996e-02 2.7759121737e-03
6.9060839728e-01 6.3973806079e-02 -7.2039391568e-01
-4.1814624768e-02 9.9794579912e-01 4.8535751449e-02
7.2201909862e-01 -3.3961962491e-03 6.9186478960e-01
6.7614697479e+00 8.0763246416e-01 -4.4486874853e+01
4.7924005233e+03 3.8481570123e-02 7.2473015414e-03
8.4998755646e-01 1.3265381680e-01 -5.0982753825e-01
-6.7600094269e-02 9.8724115935e-01 1.4417045655e-01
5.2244749126e-01 -8.8078704429e-02 8.4811011119e-01
9.7268211037e+00 1.1714164385e+00 -6.1927007839e+01
4.7969610165e+03 5.5882692633e-02 3.6233348684e-05
9.8801759748e-01 4.7259757898e-02 -1.4692767726e-01
-2.5548366416e-02 9.8891231662e-01 1.4628640063e-01
1.5221204957e-01 -1.4077977596e-01 9.7827018080e-01
7.7723357693e+00 4.1759605420e-01 -5.5303757306e+01
4.7830537885e+03 1.0740896203e-01 6.3684681043e-03
9.5326747133e-01 7.6966262105e-02 -2.9215975529e-01
-2.8653338757e-02 9.8567980997e-01 1.6617550482e-01
3.0076587953e-01 -1.5003835084e-01 9.4182184036e-01
1.6209690162e+01 -6.9847671330e-01 -5.3365302770e+01
4.7766155109e+03 9.4711658292e-02 2.3611761694e-03
9.6278710754e-01 -4.8842279833e-02 2.6581086746e-01
9.2672117102e-03 9.8892205850e-01 1.4814614742e-01
-2.7010202581e-01 -1.4016987519e-01 9.5257404003e-01
6.5642569041e+00 1.6297129899e+00 -5.5906127711e+01
0 0 0
0 0 0
0 0 0
0 0 0
0 0 0
0 0 0
0 0 0
0 0 0
0 0 0
0 0 0
4.7798863790e+03 2.4082049763e-02 1.7592018659e-03
7.5472661042e-01 -1.8065435509e-01 6.3067562780e-01
4.9764790974e-02 9.7433336029e-01 2.1954035756e-01
-6.5414922540e-01 -1.3430750912e-01 7.4434554066e-01
5.7693849345e+00 6.4538553691e-01 -6.8812665041e+01
0 0 0
0 0 0
0 0 0
0 0 0
0 0 0
0 0 0
0 0 0
0 0 0
0 0 0
0 0 0
4.2528736735e+03 -7.2506239565e-01 -1.4883792373e-02
5.6014123882e-02 3.1321407805e-01 -9.4802919746e-01
3.3601486335e-02 9.4839072040e-01 3.1531885700e-01
9.9786439862e-01 -4.9517499641e-02 4.2598816738e-02
-5.1466549071e-01 -3.6852986562e-01 -4.4974602330e+01
4.8376314854e+03 1.1123739298e-02 2.5476359488e-03
2.4573524227e-01 2.7777055392e-01 -9.2868601265e-01
2.9734571130e-02 9.5545219816e-01 2.9364426151e-01
9.6888082135e-01 -9.9772824045e-02 2.2652888910e-01
4.1346584147e+00 -1.1238419295e-01 -5.0021138598e+01
3.3309679168e+04 -6.8412590935e-03 -1.2999907354e-06
4.2153590187e-01 2.1925897788e-01 -8.7990509946e-01
-1.2012805221e-01 9.7527858452e-01 1.8547488684e-01
8.9881963402e-01 2.7516962031e-02 4.3745409164e-01
5.7220225981e+00 -6.3566007816e-01 -3.4705657152e+02
0 0 0
0 0 0
0 0 0
0 0 0
0 0 0
1.4053755222e+03 -1.3893620824e+00 -8.1437580493e-02
-2.7074428766e-01 1.2761200710e-01 -9.5415549380e-01
-8.0342216277e-02 9.8472113620e-01 1.5449728865e-01
9.5929279106e-01 1.1848822540e-01 -2.5635499109e-01
5.6438743251e+00 5.6662730879e-01 -9.9137078255e+00
0 0 0
0 0 0
0 0 0
0 0 0
0 0 0
0 0 0
0 0 0
0 0 0
0 0 0
0 0 0
0 0 0
0 0 0
0 0 0
0 0 0
0 0 0
0 0 0
0 0 0
0 0 0
0 0 0
0 0 0
0 0 0
0 0 0
0 0 0
0 0 0
0 0 0
0 0 0
0 0 0
0 0 0
0 0 0
0 0 0
0 0 0
0 0 0
0 0 0
0 0 0
0 0 0
1.6749182177e+03 -1.2655076044e-01 1.3889639498e-01
-4.4902269079e-01 2.3477999255e-01 -8.6212352842e-01
-2.7884787474e-01 8.7985279089e-01 3.8484143373e-01
8.4889486151e-01 4.1320384976e-01 -3.2960596571e-01
-5.1005538145e+00 7.8212697196e+00 -6.4596556850e+01
0 0 0
0 0 0
0 0 0
0 0 0
0 0 0
0 0 0
0 0 0
0 0 0
0 0 0
0 0 0
1.6864978453e+03 -1.4631172889e-01 1.6360020115e-01
3.6170354521e-02 2.5173887605e-01 -9.6711904321e-01
-3.2577548429e-01 9.1785773851e-01 2.2673223348e-01
9.4475501549e-01 3.0686268940e-01 1.1520959406e-01
1.2118101972e+01 1.8348414204e+01 -8.2489493216e+01
-2.2697681835e+01 -2.3250103300e+00 -1.4127586287e+00
23 22 25
7 18 269 -404.3000 185.7900 19 247 -405.0100 130.4300 17 345 -436.5900 199.6500 20 137 -348.2700 137.6300 16 475 -420.7900 193.7200 21 164 -275.6900 123.5600 87 250 -406.2100 -202.9100
-3.8305455366e+01 3.3037798611e+01 -1.0406986113e+02
192 190 175
5 18 967 -503.0700 519.9900 19 941 -720.0200 465.7700 17 852 -319.3000 519.7200 16 1168 -83.0900 496.4900 12 832 708.6500 587.0300
-1.9958266257e+01 2.2822664675e+01 -6.8507922311e+01
130 128 100
11 18 2250 -275.9500 516.8800 19 2153 -456.3900 466.3000 17 1916 -128.7800 517.4600 20 1440 -628.2000 475.5500 16 1709 73.1900 487.2300 15 1632 248.5100 513.1300 14 1795 300.5100 503.9200 13 1789 565.8900 530.1200 86 547 -30.2000 502.7700 12 1246 771.8700 574.6300 87 602 714.1600 413.8000
-6.6369883851e+00 -3.8943574386e+00 5.9569939750e+00
214 232 217
15 18 6644 480.2200 156.9200 19 3151 507.5100 138.1000 17 5451 347.6200 161.9300 20 6197 571.6400 158.6000 88 758 193.9500 -139.4000 16 4193 242.9200 113.9600 91 1148 420.2400 -173.3400 21 5906 584.0100 152.7300 14 3711 -40.8900 104.3700 13 4001 -80.6000 130.0000 86 1192 14.3800 -230.1900 12 3806 -187.5000 136.8900 87 678 766.5300 -328.1300 85 2748 41.7300 -109.5600 84 977 -249.5500 -266.8600
-3.7390086026e+01 3.4242846269e+01 -1.0290407983e+02
187 187 172
5 18 975 -494.1800 539.3300 19 953 -710.8400 485.8300 17 1260 -310.9100 538.2600 15 1095 122.7600 540.9200 13 1231 490.9800 559.4800
-3.7390086026e+01 3.4242846269e+01 -1.0290407983e+02
187 187 172
5 18 976 -494.1800 539.3300 19 954 -710.8400 485.8300 17 1261 -310.9100 538.2600 15 1096 122.7600 540.9200 13 1232 490.9800 559.4800
-1.9948680813e+01 2.2801529749e+01 -6.8431596513e+01
130 128 100
9 18 2251 -275.9500 516.8800 19 2154 -456.3900 466.3000 17 1917 -128.7800 517.4600 16 1710 73.1900 487.2300 15 1634 248.5100 513.1300 14 1797 300.5100 503.9200 13 1791 565.8900 530.1200 86 548 -30.2000 502.7700 87 603 714.1600 413.8000
-2.0174681933e+01 2.2939286758e+01 -6.8433159151e+01
253 242 218
9 18 4028 -279.7600 518.8700 19 3581 -460.3400 468.3900 17 3246 -132.4000 519.5000 20 3788 -632.4000 477.7200 16 2716 69.7700 489.2300 15 2651 245.1899 515.2000 13 2897 562.1899 532.1700 86 1131 -38.3000 508.2100 87 1242 706.0699 419.1400
-2.3894561786e+01 -2.7809834876e+00 -1.9997560695e+00
181 191 195
4 18 403 -457.7700 159.7200 19 356 -463.8800 100.6100 17 479 -481.0600 176.5100 21 232 -344.2700 89.1800
-1.1409215189e+01 -3.6205559124e+00 3.7922064397e+00
149 164 172
12 18 95 190.8500 158.6000 19 89 224.9399 127.7100 17 138 79.2200 166.3600 88 47 -316.2100 -144.5400 16 212 4.5600 132.7000 91 58 16.2100 -212.7300 15 295 -31.1700 150.8500 21 168 352.9500 136.8800 14 309 -214.0800 133.1200 86 89 -384.8200 -211.1100 87 111 357.6500 -301.2300 85 320 -178.5900 -84.1500
-8.7716246745e+00 -3.4889575746e+00 5.0229748349e+00
221 228 232
10 18 172 349.1000 171.2000 19 147 380.6400 145.7500 17 220 223.4800 178.7400 88 84 -36.9500 -116.2400 16 214 131.6400 138.8900 91 144 240.0900 -174.2400 15 217 80.5500 156.0100 14 310 -123.1000 137.9100 86 128 -168.0000 -191.6700 87 151 577.1300 -285.5100
-2.3157210257e+01 -2.0039108366e+00 -1.5366152779e+00
75 73 72
4 18 273 -426.3900 199.9700 19 253 -429.2000 143.3100 20 141 -375.7700 150.8600 21 169 -303.2200 136.8200
-9.7050542699e+00 -3.8884361592e+00 4.4732896547e+00
212 209 200
8 18 256 291.5900 145.7700 19 244 324.5400 118.6100 17 216 170.6500 154.5500 20 214 399.6200 136.1900 16 207 84.5600 118.0300 15 288 38.8600 135.7000 14 424 -155.5600 116.5100 87 145 498.4000 -322.2400
-1.1041543224e+01 -3.6114869545e+00 3.9852192323e+00
66 68 72
11 18 402 213.8800 159.1400 19 369 247.9600 129.0800 17 335 98.2800 167.1900 20 526 327.2400 146.7000 16 316 20.3900 133.4500 91 283 48.8500 -208.0800 15 403 -18.3600 152.7800 21 577 372.9500 139.2500 14 429 -203.4900 135.0400 86 203 -354.9700 -209.5700 87 232 387.7500 -300.5300
-3.2672418509e+01 3.5011916616e+01 -1.0061152545e+02
247 245 233
5 18 700 -437.8000 557.5000 19 458 -650.3000 504.8900 17 610 -258.7600 556.6700 15 509 172.2600 558.0300 14 553 248.7600 549.1100
-2.2943482572e+01 -3.8730763289e+00 -1.8322781767e+00
204 208 212
4 18 790 -410.5900 110.1000 19 534 -410.8400 51.0000 20 506 -356.3700 53.7900 21 551 -286.3000 37.7200
-8.5798096031e+00 -4.2869552974e+00 4.9657390006e+00
162 170 181
9 18 569 359.7200 129.1300 19 548 391.9100 106.0600 17 469 233.9600 136.4700 20 518 463.4500 125.8000 88 255 -16.6100 -193.4700 16 636 139.7600 95.2000 91 389 259.4399 -232.3200 15 565 87.3600 110.2400 14 623 -116.6300 90.2600
-2.3426934198e+01 -1.9898133433e+00 -1.6044729168e+00
253 254 251
7 18 413 -439.2500 198.7600 19 376 -442.8600 141.0500 17 492 -466.6100 213.2900 16 481 -444.6600 207.8300 15 418 -407.9200 238.9100 14 667 -506.4100 226.0500 85 459 -612.7700 36.7200
-3.4986313694e+01 3.7389623799e+01 -1.0060634884e+02
190 187 179
6 18 706 -468.8200 587.4200 19 686 -684.6800 536.0400 17 614 -287.5100 584.4600 16 832 -50.3200 558.2300 15 753 147.5000 585.8300 14 802 224.5200 576.9200
-6.9711329485e+00 -2.9843163009e+00 6.2370371895e+00
221 230 231
11 18 585 467.5699 208.4600 19 560 495.5000 187.1600 17 490 332.3900 212.9100 20 530 563.3800 205.9400 88 128 168.7500 -49.8600 16 467 228.1300 165.7300 91 215 402.6700 -101.6300 15 581 163.3400 180.7200 21 904 579.0601 196.8400 14 965 -60.0500 161.6200 85 878 17.0300 -29.2200
-2.1302050322e+01 -2.7786805455e+00 -6.1719523911e-01
121 137 146
7 18 582 -337.7800 169.6400 19 551 -328.9600 116.2800 17 715 -383.1000 183.9800 16 960 -380.5500 175.5500 15 1393 -356.8700 205.0900 14 1519 -468.2500 191.2300 87 359 -328.9800 -234.1000
-3.5309518905e+00 2.7139981962e+01 -8.4459588361e+01
144 140 140
8 18 2252 -44.4000 518.5800 19 2158 -232.5400 471.5000 17 1920 112.5700 521.4100 20 2258 -407.8800 477.2700 16 1707 329.5900 483.3800 15 2647 526.3400 508.5900 14 1792 598.8600 500.8500 86 550 606.6400 505.3400
-4.5197488154e+00 -1.7336924598e+00 6.4172800485e+00
239 243 243
7 18 3473 596.6100 282.0600 19 5783 606.3101 261.4200 17 2842 468.1200 285.1600 16 2379 369.3000 231.1400 15 2359 308.0800 243.0400 14 2396 77.2700 223.2500 86 1235 221.4700 -23.6200
8.4777439150e+00 2.5780057849e+01 -7.7070181553e+01
236 237 221
5 18 332 143.9900 528.1500 19 306 -41.7400 484.2400 17 281 296.7700 531.8400 16 269 514.2700 488.0200 15 184 720.3500 513.2000
-9.4221681353e+00 -4.2731772146e+00 4.4321897217e+00
8 9 11
8 18 157 306.0500 127.1300 19 134 338.2800 101.6700 17 130 185.8500 135.1300 20 130 411.6000 120.9800 88 43 -110.1400 -199.6700 16 201 98.3600 97.0600 91 85 181.1000 -244.7300 15 211 51.6100 113.6000
-9.4238958291e+00 -4.2734400284e+00 4.4369401514e+00
8 9 11
8 18 158 306.0500 127.1300 19 135 338.2800 101.6700 17 131 185.8500 135.1300 88 44 -110.1400 -199.6700 16 202 98.3600 97.0600 15 212 51.6100 113.6000 86 122 -221.6000 -270.0600 87 143 522.1801 -363.8300
-8.1095289194e+00 -3.6600894005e+00 5.2191644656e+00
16 17 17
9 18 168 387.1400 165.7000 19 146 417.1100 142.5400 17 139 260.2700 171.7600 20 142 487.3300 161.4000 88 83 31.5400 -127.8500 16 211 165.5500 128.0000 91 89 291.9600 -175.6500 15 214 111.9300 141.5800 87 110 635.8101 -306.2800
-2.3078536094e+01 -3.6048962814e+00 -1.8786643695e+00
18 20 22
3 18 250 -417.6000 122.5700 19 223 -418.8700 63.8000 17 320 -446.5600 141.9000
-2.3881510945e+01 -3.5768604280e+00 -2.2331229203e+00
249 250 252
5 18 392 -454.0100 121.9900 19 348 -459.6700 60.9000 17 321 -476.8200 142.0000 16 460 -454.2300 142.5800 21 336 -342.8200 44.5800
-2.3822117882e+01 -2.3086236506e+00 -1.8468682229e+00
225 232 236
3 18 409 -456.1800 182.9300 19 368 -462.1700 124.8900 20 212 -411.0900 130.2200
-2.8922424634e+01 3.0427285560e+01 -9.9304207121e+01
163 165 155
3 18 324 -389.1700 505.7200 19 300 -595.0200 452.0100 15 358 208.9500 506.2400
8.4549103729e+00 2.7627210090e+01 -7.6116018462e+01
182 180 175
6 18 699 145.4400 558.6600 19 681 -40.5800 515.0000 17 611 298.4800 562.8000 20 663 -207.9600 518.8700 16 576 517.5100 519.6200 15 367 724.5000 546.7600
-2.2722264363e+01 -2.9606712905e+00 -1.5016206600e+00
254 255 252
5 18 260 -403.4200 154.2300 19 235 -403.0600 97.1000 17 337 -436.0700 171.7500 16 324 -421.3400 167.8500 15 412 -388.7700 199.4600
-2.2943482572e+01 -3.8730763289e+00 -1.8322781767e+00
204 208 212
4 18 791 -410.5900 110.1000 19 535 -410.8400 51.0000 20 507 -356.3700 53.7900 21 552 -286.3000 37.7200
-8.8286804931e+00 -4.3651427207e+00 4.8364283963e+00
162 169 181
8 18 567 344.6100 124.2500 19 543 377.2700 100.4700 17 467 219.9800 131.8200 20 807 449.7000 119.9400 88 253 -43.6100 -202.7200 16 635 127.0600 91.3100 91 385 239.1400 -242.4700 15 563 75.9200 106.7800
-1.1931473072e+01 -3.9945615897e+00 3.1399788687e+00
67 68 68
4 18 794 157.4700 134.9700 19 802 188.6400 102.5800 16 452 -18.1700 114.2800 15 569 -48.2400 134.7400
-2.3297754422e+01 -3.7733444606e+00 -2.0471944511e+00
251 251 250
7 18 249 -427.0900 113.6900 19 221 -429.4000 52.8900 17 319 -454.0000 134.5200 20 200 -377.0800 53.8000 16 457 -435.7400 134.4900 15 574 -399.5000 167.4300 87 227 -441.3900 -316.0500
-2.2641764127e+01 -3.3284015993e+00 -1.6435781509e+00
43 44 46
7 18 254 -398.0500 136.8100 19 226 -397.6100 79.0800 17 328 -430.7400 154.6800 20 122 -342.3000 83.3300 16 462 -416.6600 151.8400 15 584 -384.7200 184.2400 87 234 -402.4100 -281.2400
-2.2405970602e+01 -2.5146657444e+00 -1.2656854889e+00
173 182 190
8 18 406 -390.4400 177.9000 19 366 -388.5700 122.4400 17 485 -425.3200 192.3900 20 211 -330.4000 129.3300 16 658 -412.2200 185.9300 15 599 -381.1800 216.0700 21 238 -256.9500 115.1900 87 364 -390.6900 -216.3400
-2.4007757342e+01 -2.4880288808e+00 -2.0117247450e+00
26 26 30
8 18 267 -463.4800 173.7300 19 239 -470.8100 115.2700 17 339 -485.7600 189.0800 20 131 -421.4600 120.4200 16 470 -460.5200 186.3300 15 600 -421.0700 218.0200 21 161 -352.5800 105.2700 87 246 -484.4600 -217.4900
-2.4006739037e+01 -2.4925965965e+00 -2.0081485170e+00
26 26 30
7 18 268 -463.4800 173.7300 19 240 -470.8100 115.2700 17 340 -485.7600 189.0800 20 132 -421.4600 120.4200 16 471 -460.5200 186.3300 15 601 -421.0700 218.0200 87 247 -484.4600 -217.4900
-2.2898744698e+01 -2.0324914678e+00 -1.3246754660e+00
213 221 225
4 18 805 -414.8500 199.5000 19 810 -415.8400 143.8400 20 822 -359.1600 151.7500 21 895 -285.8000 137.9300
-2.5173578127e+01 -6.0715882739e+00 4.9496618757e+01
77 67 78
2 18 1915 313.9399 180.0500 19 3150 -469.0200 136.5600
-1.7125445406e+01 -6.1095984995e-01 2.0369306506e+00
253 255 255
8 18 1210 -129.1500 298.9100 19 1196 -103.7200 255.7600 17 1036 -210.4100 304.0800 20 1232 -19.7700 270.2800 16 979 -239.1200 280.9000 91 595 -491.0600 -31.3300 15 910 -241.1900 305.3600 87 496 -63.7600 -38.8600
-3.6635309134e+01 3.5235289778e+01 -1.0273453762e+02
204 198 187
5 18 1417 -485.4700 551.7100 19 1404 -701.5000 498.9399 17 1266 -302.5800 550.6801 16 1197 -66.5900 525.2700 15 1676 132.2000 554.2200
-2.4258976585e+01 -2.6558514527e+00 -2.1610978920e+00
252 251 249
6 18 1912 -474.5300 164.9600 19 1857 -482.6700 104.7000 20 1213 -435.2100 109.2200 15 2342 -425.8800 212.0400 21 3372 -366.4200 91.7300 87 956 -499.0400 -228.9600
-2.1528105932e+01 2.7278844102e+01 -6.8127437163e+01
94 90 81
5 18 7527 -305.0400 590.9399 19 3601 -489.7000 541.5500 17 6381 -155.4900 588.9100 16 4900 51.4300 558.0400 15 4722 228.7200 585.5601
-2.0544257763e+01 -3.7022542136e+00 -1.4152942710e+00
10 12 11
5 18 6 -295.8100 123.8600 19 6 -289.2400 71.2900 17 10 -342.7300 139.3400 20 4 -234.4500 78.0600 16 11 -339.3900 132.3500
-8.6643383487e+00 -3.9637479670e+00 4.9067365416e+00
166 177 183
4 18 23 353.5000 146.9400 19 21 384.3900 123.4900 17 19 229.4200 153.3100 16 20 135.9700 111.3000
-8.7679461700e+00 -4.1461216796e+00 4.9296963340e+00
161 173 189
7 18 162 349.7900 136.2100 19 138 381.4200 112.5000 17 135 223.5900 143.8600 20 133 454.3700 132.0000 88 46 -36.4500 -180.2100 16 135 130.3500 103.0700 91 86 244.1000 -223.2800
-8.8415289199e+00 -4.6339111795e+00 4.7291430802e+00
158 167 175
8 18 248 342.2500 109.6900 19 232 375.0800 86.0500 17 211 218.5000 116.9900 20 206 447.0800 106.5600 88 75 -46.1400 -232.2600 16 199 126.0400 77.3400 91 136 236.7000 -265.2100 86 119 -175.2200 -302.5300
-9.2632571708e+00 -4.0517336854e+00 4.6908629806e+00
169 181 189
9 18 163 318.0400 140.4300 19 140 351.3400 115.3000 17 213 194.5500 148.2600 20 135 425.0400 134.6000 88 79 -89.8300 -175.0700 16 204 105.4200 109.3100 91 138 202.0000 -222.3400 86 123 -209.8000 -248.3900 87 144 534.0699 -342.7100
1.1338921689e+01 1.5940231165e+01 -5.1350586814e+01
250 247 236
5 18 315 316.2200 476.6600 19 443 149.7400 437.1200 17 266 444.0300 481.3101 88 97 132.6800 428.8700 16 261 634.6600 431.3800
1.1248797484e+01 1.6831974235e+01 -5.1320496578e+01
252 253 245
5 18 320 313.8400 492.5800 19 449 146.4600 453.0701 17 271 442.0200 497.2500 88 101 127.8400 469.1200 16 264 633.3900 446.4700
-8.6543443752e+00 -4.4591009963e+00 4.8849005812e+00
125 129 126
6 18 388 355.0000 119.4100 19 355 387.1200 96.2500 17 314 229.4800 126.9900 88 110 -25.0700 -211.3400 16 294 135.6400 86.4200 91 202 253.3400 -248.2600
-8.4498165304e+00 -4.1595372890e+00 5.0624831680e+00
98 98 96
7 18 397 368.1600 136.4500 19 358 400.0000 113.5800 17 322 241.5800 143.6600 20 336 471.5900 133.2700 88 115 -2.3600 -179.5900 16 302 146.7000 102.0100 91 204 270.2100 -220.3700
-9.0297786766e+00 -3.9263724389e+00 4.8658992307e+00
132 137 135
8 18 399 333.5400 147.5000 19 364 366.6899 123.1600 17 326 209.0300 155.3400 20 340 440.4100 142.0100 88 118 -63.9600 -160.0000 16 305 117.7900 115.3600 91 208 222.0100 -208.5300 21 362 471.9000 136.0800
-9.0287653301e+00 -3.9263686561e+00 4.8620217136e+00
132 137 135
7 18 400 333.5400 147.5000 19 365 366.6899 123.1600 17 327 209.0300 155.3400 20 341 440.4100 142.0100 88 119 -63.9600 -160.0000 16 306 117.7900 115.3600 91 209 222.0100 -208.5300
-8.3251641725e+00 -3.8170153123e+00 5.1779038881e+00
237 238 240
6 18 580 376.3600 155.6600 19 807 407.5500 131.8700 17 477 249.2700 162.8600 88 185 10.2100 -143.6100 16 310 154.3700 121.0900 91 587 279.0800 -191.5500
-8.6858205958e+00 -3.8219451277e+00 5.0526930985e+00
121 125 125
7 18 401 354.6700 154.6300 19 370 387.2200 130.4200 17 329 228.7400 161.8500 20 342 460.1300 149.5200 88 121 -26.7400 -146.8200 16 311 135.2300 120.9300 91 210 250.9000 -195.4800
-2.4090831255e+01 -4.0058696303e+00 -2.2529073258e+00
129 122 116
4 18 387 -463.0200 101.1500 19 217 -467.9800 38.7700 17 313 -485.3000 122.9800 16 454 -462.3400 124.9400
1.4471484422e+01 1.3505894050e+01 -4.6447641744e+01
211 209 122
5 18 923 409.1600 451.5900 19 903 244.2700 415.1700 17 813 533.4000 456.5300 88 222 337.9200 371.7800 16 524 721.5800 402.7700
-8.3013438680e+00 -5.2816319012e+00 4.7966322364e+00
46 49 55
8 18 559 372.8900 75.3300 19 536 404.6000 54.0800 17 462 248.3400 83.2000 20 508 473.4399 75.2900 88 251 9.9900 -292.4500 16 630 152.5100 42.2600 91 279 281.8500 -312.4900 21 878 498.6801 74.0300
-7.7120437201e+00 -4.1164690535e+00 5.3522397962e+00
41 48 54
5 18 574 411.9399 140.2400 19 552 441.5000 118.2500 17 703 283.7000 147.6000 88 258 75.8700 -170.1900 16 637 185.3500 103.7000
-2.3353929378e+01 -3.5438395930e+00 -2.0062101891e+00
205 206 208
4 18 565 -430.2400 124.7800 19 349 -433.2100 66.4800 17 474 -457.1100 143.6100 16 646 -438.1800 141.8800
-8.8769938656e+00 -3.1921729232e+00 5.0661114501e+00
186 199 211
5 18 803 343.8199 188.9800 19 814 375.4301 163.5900 17 720 217.9800 195.0100 20 824 449.1000 181.8800 16 652 126.7400 154.2900
1.6413816251e+01 1.3125972508e+01 -4.4968468243e+01
111 113 61
5 18 922 457.0100 450.7000 19 901 290.9500 415.4400 17 812 581.8101 455.5400 88 221 444.9900 368.8800 16 747 772.7500 400.3400
1.3863791684e+01 1.4070457242e+01 -4.7604849724e+01
101 85 54
5 18 1361 389.1400 457.4299 19 1341 223.4100 420.7800 17 1204 513.8500 462.2000 88 324 293.5800 385.2500 16 750 702.8700 409.3100
1.4978056058e+01 1.0521877597e+01 -4.2055861616e+01
184 183 127
5 18 1288 456.6899 410.7400 19 1257 296.6200 377.3600 17 1143 574.8300 414.8200 88 411 437.7500 280.1000 16 1030 755.8101 357.7200
1.1806953286e+01 1.1468306699e+01 -4.4577494062e+01
206 197 101
6 18 1296 374.7600 419.9400 19 1269 216.4200 384.0400 17 1151 493.1000 423.5300 20 2069 83.2600 387.2900 88 417 255.4100 300.0100 16 1054 671.9200 369.8500
1.6460720993e+01 1.2228271004e+01 -4.3777230978e+01
113 110 57
6 18 2110 468.4800 438.3600 19 2051 303.7800 403.8500 17 1816 591.7800 442.9600 88 441 469.1000 341.1600 16 1080 780.5100 386.5300 91 657 -488.2800 157.2900
1.4017375809e+01 1.5031824448e+01 -4.8929362334e+01
248 247 141
4 18 2191 380.9700 469.9900 19 2107 214.2800 432.6000 17 1875 508.5601 474.7200 16 1124 700.1000 422.4500
-1.0875584882e+01 -2.5768730907e+00 4.5612866128e+00
187 207 212
10 18 1921 229.4100 218.1500 19 1872 264.7700 187.7600 17 1621 108.4600 224.5900 20 3365 346.9100 204.7800 88 531 -254.3200 -34.1900 16 1451 28.0500 188.7300 91 1154 74.2800 -115.2700 21 3393 392.7100 194.5900 86 596 -346.9300 -110.0700 87 698 396.7500 -200.7600
-2.1513133674e+01 -1.5555455895e+00 -1.7230735704e-01
168 190 206
5 18 1923 -351.8600 230.8500 19 1869 -343.3200 179.0300 17 1623 -397.6300 241.2200 16 1464 -392.6600 230.0300 87 963 -350.0900 -131.9200
1.0987324695e+01 1.4056924098e+01 -4.8523695562e+01
139 145 80
6 18 1354 329.7700 453.6500 19 1325 167.2700 415.9800 17 1842 453.0900 457.7000 20 1365 28.8100 418.5500 88 453 158.4900 377.0600 16 1621 638.2500 406.4600
1.1004418575e+01 1.1276983980e+01 -4.4409952078e+01
232 224 138
5 18 3689 361.1400 416.6200 19 3351 203.8200 380.5400 17 3012 478.1600 420.0900 88 858 223.2100 293.2800 16 2495 654.4301 366.7300
1.1370279289e+01 1.1248763864e+01 -4.4199088145e+01
151 136 38
6 18 3693 369.8101 416.9400 19 3353 211.9700 381.0900 17 3014 486.8700 420.6300 20 3518 79.3200 384.5500 88 861 242.5300 294.0300 16 2498 663.4301 366.8900
1.3449664443e+01 1.4000356522e+01 -4.7748386606e+01
152 140 72
6 18 7293 380.1700 455.6500 19 6209 215.5800 418.7300 17 3151 505.0900 460.1300 20 6621 76.0200 421.3700 88 985 274.3199 381.3100 16 2610 693.0900 407.3700
1.1128699561e+01 1.5465465306e+01 -5.1123011426e+01
245 228 179
5 18 7355 314.3900 468.4399 19 6234 148.6700 429.5200 17 6153 441.5400 472.8199 88 1018 127.7600 411.8200 16 2641 631.0000 422.6900
1.0091741616e+01 1.5754822968e+01 -5.1538441840e+01
217 214 147
5 18 3950 293.2300 472.1500 19 3530 127.4800 433.2400 17 3182 419.9700 476.4100 88 699 78.8800 420.3400 16 2652 608.6200 426.8201
1.0519974866e+01 1.9157541494e+01 -5.0662759670e+01
236 214 164
5 18 4050 303.0601 539.6400 19 3590 134.7500 498.8800 17 3273 430.6700 544.6899 88 734 100.2500 574.4100 16 2729 623.9700 497.4100
1.0552662337e+01 2.0391800329e+01 -5.0373826165e+01
253 251 230
4 18 7508 304.5601 564.2400 19 6344 135.3400 523.2000 17 6351 432.4399 569.8101 16 2768 627.2500 523.3800
1.6486346973e+01 1.1837526842e+01 -4.3332521124e+01
244 228 137
6 18 3767 472.7700 432.2500 19 6128 308.7100 398.1200 17 5934 595.8600 437.1600 88 915 478.5900 328.0100 16 4490 783.9500 380.2900 91 1253 -474.0300 145.7000
-3.2897276281e+00 2.7273420396e+01 -8.4302681357e+01
253 251 237
5 18 7470 -40.7800 520.5601 19 6323 -228.8300 473.5200 17 6279 116.0200 523.7400 16 4761 332.8400 485.3000 86 1135 615.2400 512.0400
1.0391988726e+01 2.0306242521e+01 -5.0318928525e+01
132 121 89
4 18 7507 302.0300 562.9399 19 6343 133.1400 521.5900 17 6348 429.7400 568.6899 16 4836 624.1100 522.2600
-8.6147549876e+00 -3.9754639197e+00 4.8855346212e+00
166 177 183
5 18 24 353.5000 146.9400 19 22 384.3900 123.4900 17 20 229.4200 153.3100 88 6 -20.9000 -165.5200 91 13 249.4800 -209.1000
-2.3353566930e+01 -2.8519812213e+00 -1.6834953436e+00
179 190 200
3 18 18 -434.1600 157.9900 19 17 -435.4000 101.8900 17 21 -461.1300 173.7000
2.9365015477e+01 2.4690213991e+01 -6.3854228467e+01
191 190 180
4 18 86 515.5699 564.6000 19 80 320.2300 524.3400 17 86 677.4200 575.3800 20 77 153.8100 523.8199
-1.7843887579e+01 2.7313147762e-01 1.6666093966e+00
166 202 238
3 18 178 -169.7800 341.2600 19 155 -148.4000 298.1100 17 149 -242.9300 342.6000
2.2873817126e+01 1.2081607405e+01 -4.0627077528e+01
179 186 105
4 18 194 618.5100 448.5200 19 171 444.9399 416.3600 17 173 750.3000 454.9600 20 249 301.9800 419.2200
-8.8467937725e+00 -5.1273024994e+00 4.5364735289e+00
221 227 228
6 18 239 339.0400 81.9700 19 222 371.3400 58.7600 17 208 217.4100 91.7000 88 70 -48.4800 -278.7500 91 195 232.6100 -309.5600 21 341 473.0200 76.1000
-1.1623609333e+01 -1.2819095546e-01 4.0496306815e+00
215 234 251
4 18 278 175.9400 347.0000 19 266 204.3700 312.0900 17 228 64.3000 349.7300 88 88 -345.9600 194.5100
2.2026959071e+01 9.3293508442e+00 -3.7336806624e+01
151 151 73
3 18 297 640.3700 405.5400 19 283 471.4800 375.6300 17 250 766.0800 411.1300
1.2458073197e+01 2.6866310280e+01 -7.4006229320e+01
199 196 183
4 18 333 211.5300 555.9700 19 307 24.9200 512.7500 17 282 364.5200 560.9301 20 265 -140.6800 516.0900
1.2483930263e+01 2.6899196640e+01 -7.4101237569e+01
199 196 183
3 18 334 211.5300 555.9700 19 308 24.9200 512.7500 17 283 364.5200 560.9301
-9.1806938558e+00 -4.4375989599e+00 4.6321249420e+00
159 168 175
4 18 389 322.5900 119.1100 19 353 355.7200 94.5000 17 316 199.7900 127.1400 88 112 -81.6500 -212.9800
-9.0097008323e+00 -4.3167144088e+00 4.7675754552e+00
127 128 127
6 18 393 333.8300 126.0800 19 357 366.9500 101.9200 17 318 209.9300 133.9700 20 331 440.0699 121.4900 88 114 -62.8100 -199.0900 91 203 223.8500 -240.9900
-2.3655195348e+01 -3.1213667412e+00 -1.9686212623e+00
180 189 193
5 18 258 -445.6100 143.9300 19 230 -450.0100 84.6400 17 333 -470.7700 162.2400 20 202 -399.0100 88.0100 87 238 -464.9200 -264.3500
-2.3960686175e+01 -3.0207564470e+00 -2.1072988696e+00
27 28 28
4 18 259 -459.5900 147.3500 19 233 -466.3200 87.2600 17 334 -482.0700 165.9500 87 242 -481.9100 -256.4500
-2.3683440162e+01 -2.0642067248e+00 -1.7621852747e+00
19 19 25
4 18 272 -450.6800 195.2100 19 252 -456.1800 138.0800 17 346 -475.5200 207.8100 20 138 -404.5100 144.9000
2.3378374593e+01 1.1234483394e+01 -3.9240211059e+01
124 116 69
4 18 640 643.6899 437.2000 19 621 469.8101 406.3300 17 383 775.0200 443.5300 20 602 327.6899 409.2600
1.7210480421e+01 1.2792262869e+01 -4.4177620525e+01
204 210 124
3 18 463 478.4900 447.6799 19 429 312.1899 412.5000 17 385 603.8400 452.7300
-8.8237699459e+00 -4.3640346616e+00 4.8315455935e+00
162 169 181
5 18 566 344.6100 124.2500 19 542 377.2700 100.4700 17 466 219.9800 131.8200 20 806 449.7000 119.9400 91 384 239.1400 -242.4700
-8.5796853459e+00 -4.2851357929e+00 4.9653334822e+00
162 170 181
6 18 568 359.7200 129.1300 19 547 391.9100 106.0600 17 468 233.9600 136.4700 20 517 463.4500 125.8000 88 254 -16.6100 -193.4700 91 388 259.4399 -232.3200
-3.9911504140e+00 -4.3281404515e+00 5.0780414093e+00
45 49 51
3 18 396 591.7500 134.7200 19 243 597.0200 119.8900 17 470 477.7400 138.8000
-2.4488883518e+01 -3.5913360581e+00 -2.3673882488e+00
138 136 131
3 18 391 -482.1000 119.8100 19 347 -489.9400 57.6500 17 472 -501.1600 139.8400
-9.0012966819e+00 -4.1275067621e+00 4.8435660552e+00
166 176 185
5 18 571 335.4000 136.9300 19 549 368.3400 112.4300 17 473 210.5100 144.4000 20 812 441.5699 131.4700 88 256 -60.8400 -180.0300
-2.5939250851e+01 -2.2952773884e+00 -2.8055177743e+00
107 116 118
3 18 407 -550.4900 176.3600 19 241 -568.1400 114.2900 17 486 -557.7800 192.6700
-2.5579775530e+01 -2.2019715016e+00 -2.4855792447e+00
72 76 75
4 18 410 -536.2200 182.3300 19 363 -551.0900 120.4200 17 487 -547.1200 198.8000 20 333 -509.6000 125.1300
-2.3424158757e+01 -2.0138601632e+00 -1.5760313576e+00
253 254 251
3 18 412 -439.2500 198.7600 19 375 -442.8600 141.0500 17 491 -466.6100 213.2900
2.0567819401e+01 8.9070180717e+00 -3.7720613565e+01
202 206 121
3 18 610 607.7300 395.1900 19 590 442.6000 365.4900 17 520 730.8000 399.0600
1.9148153349e+01 9.5905748021e+00 -3.9150934051e+01
122 131 88
4 18 621 565.0200 403.9200 19 863 400.6700 373.0000 17 534 686.5400 408.0000 88 202 678.0200 263.3100
2.0240373854e+01 1.0683008868e+01 -4.0022258641e+01
192 187 128
4 18 633 575.8500 422.8400 19 881 408.8101 390.9800 17 546 701.1300 427.8101 88 209 706.1700 305.8900
2.1108009935e+01 1.0821004581e+01 -3.9851920844e+01
158 174 85
5 18 634 594.2700 426.2500 19 612 424.9000 394.6900 17 549 721.2600 431.8800 20 585 286.1300 397.5100 88 148 746.9500 313.9300
2.2891790004e+01 1.1021565782e+01 -3.9321455091e+01
218 215 141
4 18 639 633.5699 432.8700 19 884 461.7000 400.8200 17 554 763.8199 438.8900 20 596 319.2700 404.6800
2.1723939648e+01 1.1819282057e+01 -4.0903776698e+01
119 127 78
4 18 641 594.3400 442.0100 19 628 422.9000 409.7800 17 556 724.2700 447.9200 88 153 749.6500 349.0600
1.4170075628e+01 1.2903810260e+01 -4.5537512804e+01
100 106 57
4 18 644 410.8800 444.1000 19 626 247.4301 408.3800 17 557 533.0601 448.3800 88 219 340.8400 354.2300
2.3494781898e+01 1.2209849252e+01 -4.0319521815e+01
200 198 118
4 18 649 633.3000 452.5500 19 906 458.2900 420.6400 17 564 766.3500 458.8500 20 921 314.8900 423.2300
2.3494781898e+01 1.2209849252e+01 -4.0319521815e+01
200 198 118
4 18 650 633.3000 452.5500 19 907 458.2900 420.6400 17 565 766.3500 458.8500 20 922 314.8900 423.2300
2.1672801622e+01 1.3365769528e+01 -4.3082431709e+01
188 186 116
3 18 658 570.4399 463.3600 19 648 397.1200 429.7100 17 573 702.4800 469.7100
-2.1127436054e+01 -4.9975043041e+00 2.3385620443e-02
198 176 165
4 18 787 -325.1400 60.9200 19 794 -306.1100 4.6500 17 697 -378.9100 83.4100 20 800 -231.0700 8.7100
-1.1916133941e+01 -3.9874417964e+00 3.0956040212e+00
67 68 68
3 18 795 157.4700 134.9700 19 803 188.6400 102.5800 17 702 50.9900 145.2100
-2.3775258429e+01 -3.2272875245e+00 -2.0748243422e+00
174 183 187
5 18 573 -450.5800 138.9500 19 538 -455.7000 78.7900 17 709 -474.8600 158.2200 20 319 -405.2700 81.7900 21 338 -336.9500 64.9400
-5.4394498032e+00 -2.4420925788e+00 6.5039955834e+00
187 171 189
3 18 1206 552.9900 242.1600 19 1193 571.8900 221.8100 17 726 420.1600 245.6100
