# Bundle file v0.3
110 5302
0 0 0
0 0 0
0 0 0
0 0 0
0 0 0
0 0 0
0 0 0
0 0 0
0 0 0
0 0 0
0 0 0
0 0 0
0 0 0
0 0 0
0 0 0
0 0 0
0 0 0
0 0 0
0 0 0
0 0 0
1.6722620435e+03 -1.4158755344e-01 1.6346654136e-01
-3.3955869167e-01 1.8037208259e-01 -9.2312827209e-01
-3.2221494529e-01 8.9974982390e-01 2.9432598158e-01
8.8367269050e-01 3.9738667092e-01 -2.4739929231e-01
-7.6209096155e+00 6.5925770967e+00 -4.5082643583e+01
1.6710963142e+03 -1.4814515057e-01 1.8135940330e-01
-1.9938447892e-01 1.8811816258e-01 -9.6169505898e-01
-3.2936199014e-01 9.1143975789e-01 2.4657300578e-01
9.2291197252e-01 3.6590862881e-01 -1.1976796878e-01
-6.7336817087e+00 6.3934772592e+00 -4.1497287973e+01
1.6702125639e+03 -1.4835499302e-01 1.6995550084e-01
-9.2569332155e-02 2.1257663016e-01 -9.7274975973e-01
-3.2443164937e-01 9.1719147116e-01 2.3130912242e-01
9.4136869697e-01 3.3700293996e-01 -1.5937215204e-02
-4.8046074623e+00 5.2928723408e+00 -3.7016348032e+01
1.6708773880e+03 -1.5795064544e-01 1.9337443224e-01
-2.3345021847e-02 2.2168059656e-01 -9.7483984483e-01
-3.1402595939e-01 9.2412565995e-01 2.1766823710e-01
9.4912733960e-01 3.1120648727e-01 4.8039728292e-02
-1.3732536726e+00 4.5636432478e+00 -3.4539448758e+01
1.6694672101e+03 -1.5304958206e-01 1.8188319795e-01
1.0003386914e-01 2.4238116186e-01 -9.6501015404e-01
-3.1971270605e-01 9.2627194331e-01 1.9950958030e-01
9.4221919457e-01 2.8856829246e-01 1.7015090352e-01
6.9888854775e-01 4.1758551203e+00 -3.1495288437e+01
1.6700833049e+03 -1.5302592938e-01 1.7823687538e-01
2.4799907659e-01 2.0598798888e-01 -9.4660731375e-01
-2.7573773994e-01 9.5172525711e-01 1.3486190624e-01
9.2869002191e-01 2.2756973309e-01 2.9282564744e-01
2.3572234929e+00 2.8956330930e+00 -2.9385437796e+01
1.6711584531e+03 -1.5843205341e-01 1.9775173127e-01
3.9667208625e-01 1.9897882593e-01 -8.9613541545e-01
-2.6640904050e-01 9.5916218077e-01 9.5048062206e-02
8.7845175117e-01 2.0103566306e-01 4.3348262140e-01
4.3375237079e+00 3.1381174449e+00 -2.8126827564e+01
1.6723957024e+03 -1.6178783822e-01 2.1207470090e-01
5.7767193773e-01 2.1331601329e-01 -7.8790317351e-01
-2.7800553603e-01 9.5895739505e-01 5.5799967821e-02
7.6746860150e-01 1.8680736856e-01 6.1326580922e-01
4.8066574239e+00 3.9369245865e+00 -2.7390874532e+01
1.6706543599e+03 -1.3585020375e-01 1.5262544205e-01
7.1749787651e-01 1.6381298499e-01 -6.7702444797e-01
-2.2196525744e-01 9.7505433119e-01 6.8972346063e-04
6.6024860597e-01 1.4978103077e-01 7.3596020350e-01
6.3830415947e+00 4.7220533255e+00 -2.8500309596e+01
1.6793743704e+03 -1.7208694082e-01 2.2758052376e-01
8.1627015124e-01 1.4392464185e-01 -5.5945396385e-01
-1.7560666659e-01 9.8445596518e-01 -2.9582560742e-03
5.5033202600e-01 1.0065858183e-01 8.2885614618e-01
8.0593464366e+00 5.0200016130e+00 -3.0789215960e+01
1.6734411663e+03 -1.4521848202e-01 1.6746582710e-01
9.1724312727e-01 1.0130456428e-01 -3.8523036060e-01
-1.1604753392e-01 9.9312814597e-01 -1.5147790569e-02
3.8104857347e-01 5.8599240131e-02 9.2269611125e-01
8.2058046816e+00 5.0451515295e+00 -3.2164571914e+01
1.6746078104e+03 -1.5236744462e-01 1.8925478535e-01
9.4871715330e-01 8.7391672953e-02 -3.0380661372e-01
-1.0006860590e-01 9.9463077605e-01 -2.6379792530e-02
2.9987003377e-01 5.5428465973e-02 9.5236844131e-01
1.1776426303e+01 5.6406590548e+00 -3.3413596653e+01
1.6735909263e+03 -1.5431745023e-01 2.0581455353e-01
9.8563724476e-01 5.2286877852e-02 -1.6057803131e-01
-5.6251252692e-02 9.9821148670e-01 -2.0239179769e-02
1.5923259185e-01 2.8981204800e-02 9.8681562182e-01
1.2212076449e+01 5.7428269612e+00 -3.5305029607e+01
1.6683667928e+03 -1.3666263531e-01 1.5994175638e-01
9.9980517298e-01 -1.8064290327e-02 7.9559722642e-03
1.8377991098e-02 9.9897773040e-01 -4.1300648886e-02
-7.2017722035e-03 4.1438817191e-02 9.9911508792e-01
1.2889084447e+01 7.2498615276e+00 -3.6276669200e+01
1.6660384329e+03 -1.3194029570e-01 1.4143778582e-01
9.8776639191e-01 -4.2359356078e-02 1.5007744653e-01
4.8292583989e-02 9.9818023776e-01 -3.6111484084e-02
-1.4827468205e-01 4.2917338031e-02 9.8801453469e-01
1.4158698780e+01 7.2916540385e+00 -3.6670325096e+01
1.6675215399e+03 -1.5641657799e-01 1.9355751656e-01
9.5277759522e-01 -9.0898899807e-02 2.8974513640e-01
9.4787661579e-02 9.9549732375e-01 6.1450982909e-04
-2.8849636612e-01 2.6878772736e-02 9.5710364032e-01
1.3721679826e+01 7.1196139707e+00 -3.8646643194e+01
1.6625130147e+03 -1.4681973207e-01 1.6684041514e-01
8.9652900538e-01 -1.1342760046e-01 4.2821714348e-01
1.2007218244e-01 9.9269783226e-01 1.1562215270e-02
-4.2640170440e-01 4.1051105621e-02 9.0360189974e-01
1.4021699375e+01 7.7113579496e+00 -4.0208577677e+01
1.6586326499e+03 -1.3284658110e-01 1.1607755439e-01
8.0162628653e-01 -1.3246847081e-01 5.8296432223e-01
1.3512504711e-01 9.9005424454e-01 3.9163943983e-02
-5.8235428941e-01 4.7378234523e-02 8.1155331587e-01
1.3503416862e+01 7.7525412046e+00 -4.3140101494e+01
0 0 0
0 0 0
0 0 0
0 0 0
0 0 0
0 0 0
0 0 0
0 0 0
0 0 0
0 0 0
0 0 0
0 0 0
0 0 0
0 0 0
0 0 0
0 0 0
0 0 0
0 0 0
0 0 0
0 0 0
0 0 0
0 0 0
0 0 0
0 0 0
0 0 0
0 0 0
0 0 0
0 0 0
0 0 0
0 0 0
0 0 0
0 0 0
0 0 0
0 0 0
0 0 0
0 0 0
0 0 0
0 0 0
0 0 0
0 0 0
0 0 0
0 0 0
0 0 0
0 0 0
0 0 0
0 0 0
0 0 0
0 0 0
0 0 0
0 0 0
0 0 0
0 0 0
0 0 0
0 0 0
0 0 0
0 0 0
0 0 0
0 0 0
0 0 0
0 0 0
0 0 0
0 0 0
0 0 0
0 0 0
0 0 0
0 0 0
0 0 0
0 0 0
0 0 0
0 0 0
0 0 0
0 0 0
0 0 0
0 0 0
0 0 0
0 0 0
0 0 0
0 0 0
0 0 0
0 0 0
0 0 0
0 0 0
0 0 0
0 0 0
0 0 0
0 0 0
0 0 0
0 0 0
0 0 0
0 0 0
0 0 0
0 0 0
0 0 0
0 0 0
0 0 0
0 0 0
0 0 0
0 0 0
0 0 0
0 0 0
0 0 0
0 0 0
0 0 0
0 0 0
0 0 0
1.6625985323e+03 -1.4398132830e-01 1.6028762206e-01
1.3748047616e-01 2.0250142083e-01 -9.6958356692e-01
-3.0184555657e-01 9.4088425510e-01 1.5370776974e-01
9.4339195388e-01 2.7153267402e-01 1.9047736948e-01
1.6033549268e-01 -2.5426765306e+00 -9.7837693810e+00
1.6664777912e+03 -1.6219472231e-01 1.8765211862e-01
3.5287474644e-01 2.4925636834e-01 -9.0185956566e-01
-3.8986455157e-01 9.1537738888e-01 1.0044833174e-01
8.5057924073e-01 3.1615739555e-01 4.2018978626e-01
3.2539528191e+00 -1.0069746595e+00 -1.0267999307e+01
1.6631056550e+03 -1.6029774351e-01 2.0085376886e-01
3.8707714089e-01 1.8683034634e-01 -9.0292065470e-01
-2.8049564631e-01 9.5670424348e-01 7.7712179899e-02
8.7834701537e-01 2.2318470420e-01 4.2272344199e-01
3.3275683005e+00 -1.9200129949e+00 -1.0080324091e+01
1.6619274061e+03 -1.2873138273e-01 1.4088678302e-01
7.3277229542e-01 1.5617377679e-01 -6.6230998370e-01
-2.3644846900e-01 9.7109639092e-01 -3.2617802701e-02
6.3807278940e-01 1.8050360381e-01 7.4851958187e-01
5.4408803074e+00 -3.8509835730e-01 -1.2452538003e+01
0 0 0
0 0 0
0 0 0
0 0 0
0 0 0
0 0 0
0 0 0
0 0 0
0 0 0
0 0 0
0 0 0
0 0 0
0 0 0
0 0 0
0 0 0
0 0 0
0 0 0
0 0 0
0 0 0
0 0 0
0 0 0
0 0 0
0 0 0
0 0 0
0 0 0
0 0 0
0 0 0
0 0 0
0 0 0
0 0 0
0 0 0
0 0 0
0 0 0
0 0 0
0 0 0
0 0 0
0 0 0
0 0 0
0 0 0
0 0 0
0 0 0
0 0 0
0 0 0
0 0 0
0 0 0
1.9124719044e+03 -5.0753510962e-05 -1.4321259701e-05
6.9121002517e-01 1.3556852813e-01 -7.0982383398e-01
-2.5835438446e-01 9.6368732985e-01 -6.7525864026e-02
6.7489385323e-01 2.3006065387e-01 7.0113506716e-01
2.6890583245e+00 1.9147727386e+00 -1.1583867718e+01
0 0 0
0 0 0
0 0 0
0 0 0
0 0 0
0 0 0
0 0 0
0 0 0
0 0 0
0 0 0
0 0 0
0 0 0
0 0 0
0 0 0
0 0 0
0 0 0
0 0 0
0 0 0
0 0 0
0 0 0
0 0 0
0 0 0
0 0 0
0 0 0
0 0 0
0 0 0
0 0 0
0 0 0
0 0 0
0 0 0
0 0 0
0 0 0
0 0 0
0 0 0
0 0 0
0 0 0
0 0 0
0 0 0
0 0 0
0 0 0
0 0 0
0 0 0
0 0 0
0 0 0
0 0 0
0 0 0
0 0 0
0 0 0
0 0 0
0 0 0
1.6627388403e+03 -1.6289304677e-01 1.9929415268e-01
2.1263070135e-01 2.5883135736e-01 -9.4222848253e-01
-3.4162028129e-01 9.2311819993e-01 1.7648901490e-01
9.1546915200e-01 2.8435737622e-01 2.8470531139e-01
-2.6974030261e+00 -5.4375973009e+00 -2.0956572147e+00
0 0 0
0 0 0
0 0 0
0 0 0
0 0 0
0 0 0
0 0 0
0 0 0
0 0 0
0 0 0
0 0 0
0 0 0
0 0 0
0 0 0
0 0 0
1.6568439006e+03 -1.3487614918e-01 1.4647797486e-01
3.8942864981e-01 2.8091877023e-01 -8.7717157457e-01
-3.4800732055e-01 9.2663550950e-01 1.4225869878e-01
8.5278146764e-01 2.4986251634e-01 4.5862020385e-01
5.6912499237e+00 -4.7114774875e+00 -3.2206238198e+00
0 0 0
0 0 0
0 0 0
0 0 0
0 0 0
0 0 0
0 0 0
0 0 0
0 0 0
0 0 0
0 0 0
0 0 0
0 0 0
0 0 0
0 0 0
0 0 0
0 0 0
0 0 0
0 0 0
0 0 0
0 0 0
0 0 0
0 0 0
0 0 0
0 0 0
0 0 0
0 0 0
0 0 0
0 0 0
0 0 0
0 0 0
0 0 0
0 0 0
0 0 0
0 0 0
4.7826810153e+03 3.4066543332e-02 -2.9167744543e-03
-3.1606267605e-01 1.7510020266e-01 -9.3243997332e-01
-1.7836140912e-01 9.5433016494e-01 2.3966882153e-01
9.3182165276e-01 2.4206167666e-01 -2.7039702688e-01
-3.1443134973e+00 -5.6069543755e-01 -4.9960882294e+01
0 0 0
0 0 0
0 0 0
0 0 0
0 0 0
4.7749373073e+03 1.0834944988e-02 -5.9515057460e-04
4.0942038731e-02 2.3703623797e-01 -9.7063771375e-01
-1.4421976707e-01 9.6268120790e-01 2.2900993589e-01
9.8869834037e-01 1.3060901132e-01 7.3599442326e-02
-1.1055897460e+00 -1.3121802654e+00 -4.6458093253e+01
4.8128866698e+03 -4.5931528303e-02 1.7691305097e-04
2.7869454571e-01 2.6881793419e-01 -9.2199038414e-01
-1.7650239680e-01 9.5801115168e-01 2.2596800033e-01
9.4402132080e-01 9.9757463428e-02 3.1443949239e-01
3.4156519004e+00 3.8641331421e-01 -4.5725739321e+01
4.7660085669e+03 9.6461399155e-02 6.9916578124e-04
5.3017879024e-01 1.7818474032e-01 -8.2895153580e-01
-1.3595530426e-01 9.8288400908e-01 1.2431886393e-01
8.3691493333e-01 4.6789133385e-02 5.4532941547e-01
4.0310823527e+00 2.7789018316e-01 -4.4145711579e+01
4.7836424611e+03 5.8041025432e-02 3.7679336515e-03
6.9082560943e-01 6.3433764951e-02 -7.2023338913e-01
-4.1608699365e-02 9.9798097734e-01 4.7986300229e-02
7.2182317329e-01 -3.1821905391e-03 6.9207021332e-01
6.9620353123e+00 8.1781877153e-01 -4.4917022753e+01
4.7935596412e+03 3.6883149637e-02 7.6757430518e-03
8.5010190237e-01 1.3215832897e-01 -5.0976556540e-01
-6.7402861257e-02 9.8734237904e-01 1.4356838384e-01
5.2228690379e-01 -8.7688098542e-02 8.4824948423e-01
9.8948344459e+00 1.1618943729e+00 -6.2476114346e+01
4.7973320291e+03 5.6559669890e-02 1.5084021338e-04
9.8803587894e-01 4.6957456449e-02 -1.4690166510e-01
-2.5344108710e-02 9.8900733969e-01 1.4567826949e-01
1.5212750599e-01 -1.4021226526e-01 9.7836483103e-01
7.8443698858e+00 4.0359790787e-01 -5.5832527444e+01
4.7833634557e+03 1.0832463253e-01 6.3495677562e-03
9.5330487676e-01 7.6604681524e-02 -2.9213273475e-01
-2.8476884459e-02 9.8578664017e-01 1.6557103343e-01
3.0066406336e-01 -1.4952064348e-01 9.4193667419e-01
1.6361056298e+01 -7.2337000831e-01 -5.3876531236e+01
4.7770031921e+03 9.5356867572e-02 2.3723839163e-03
9.6278381560e-01 -4.8873237807e-02 2.6581710073e-01
9.4712996711e-03 9.8901145616e-01 1.4753519599e-01
-2.7010668059e-01 -1.3952686552e-01 9.5266711652e-01
6.5340027988e+00 1.6216546456e+00 -5.6429282220e+01
0 0 0
0 0 0
0 0 0
0 0 0
0 0 0
0 0 0
0 0 0
0 0 0
0 0 0
0 0 0
4.7802068140e+03 2.4753954419e-02 1.7814784988e-03
7.5472502645e-01 -1.8040731079e-01 6.3074823556e-01
4.9970160437e-02 9.7446141672e-01 2.1892448559e-01
-6.5413539693e-01 -1.3370919765e-01 7.4446540077e-01
5.6502530136e+00 6.1527634051e-01 -6.9358473924e+01
0 0 0
0 0 0
0 0 0
0 0 0
0 0 0
0 0 0
0 0 0
0 0 0
0 0 0
0 0 0
0 0 0
0 0 0
0 0 0
0 0 0
0 0 0
0 0 0
0 0 0
0 0 0
0 0 0
0 0 0
0 0 0
0 0 0
0 0 0
0 0 0
0 0 0
0 0 0
0 0 0
0 0 0
0 0 0
0 0 0
0 0 0
0 0 0
0 0 0
0 0 0
0 0 0
0 0 0
0 0 0
0 0 0
0 0 0
0 0 0
0 0 0
0 0 0
0 0 0
0 0 0
0 0 0
0 0 0
0 0 0
0 0 0
0 0 0
0 0 0
0 0 0
0 0 0
0 0 0
0 0 0
0 0 0
0 0 0
0 0 0
0 0 0
0 0 0
0 0 0
0 0 0
0 0 0
0 0 0
0 0 0
0 0 0
0 0 0
0 0 0
0 0 0
0 0 0
0 0 0
0 0 0
0 0 0
0 0 0
0 0 0
0 0 0
0 0 0
0 0 0
0 0 0
0 0 0
0 0 0
0 0 0
0 0 0
0 0 0
0 0 0
0 0 0
0 0 0
0 0 0
0 0 0
0 0 0
0 0 0
-2.2815944303e+01 -2.3508822540e+00 -1.1916806329e+00
23 22 25
7 18 269 -404.3000 185.7900 19 247 -405.0100 130.4300 17 345 -436.5900 199.6500 20 137 -348.2700 137.6300 16 475 -420.7900 193.7200 21 164 -275.6900 123.5600 87 250 -406.2100 -202.9100
-3.8509793013e+01 3.3159339867e+01 -1.0449187634e+02
192 190 175
5 18 967 -503.0700 519.9900 19 941 -720.0200 465.7700 17 852 -319.3000 519.7200 16 1168 -83.0900 496.4900 12 832 708.6500 587.0300
-2.0057590784e+01 2.2897603565e+01 -6.8693863459e+01
130 128 100
11 18 2250 -275.9500 516.8800 19 2153 -456.3900 466.3000 17 1916 -128.7800 517.4600 20 1440 -628.2000 475.5500 16 1709 73.1900 487.2300 15 1632 248.5100 513.1300 14 1795 300.5100 503.9200 13 1789 565.8900 530.1200 86 547 -30.2000 502.7700 12 1246 771.8700 574.6300 87 602 714.1600 413.8000
-6.6695635296e+00 -3.9274423213e+00 6.2210553840e+00
214 232 217
15 18 6644 480.2200 156.9200 19 3151 507.5100 138.1000 17 5451 347.6200 161.9300 20 6197 571.6400 158.6000 88 758 193.9500 -139.4000 16 4193 242.9200 113.9600 91 1148 420.2400 -173.3400 21 5906 584.0100 152.7300 14 3711 -40.8900 104.3700 13 4001 -80.6000 130.0000 86 1192 14.3800 -230.1900 12 3806 -187.5000 136.8900 87 678 766.5300 -328.1300 85 2748 41.7300 -109.5600 84 977 -249.5500 -266.8600
-3.7587665652e+01 3.4369118007e+01 -1.0331165703e+02
187 187 172
5 18 975 -494.1800 539.3300 19 953 -710.8400 485.8300 17 1260 -310.9100 538.2600 15 1095 122.7600 540.9200 13 1231 490.9800 559.4800
-3.7587665652e+01 3.4369118007e+01 -1.0331165703e+02
187 187 172
5 18 976 -494.1800 539.3300 19 954 -710.8400 485.8300 17 1261 -310.9100 538.2600 15 1096 122.7600 540.9200 13 1232 490.9800 559.4800
-2.0047778595e+01 2.2875645879e+01 -6.8614787814e+01
130 128 100
9 18 2251 -275.9500 516.8800 19 2154 -456.3900 466.3000 17 1917 -128.7800 517.4600 16 1710 73.1900 487.2300 15 1634 248.5100 513.1300 14 1797 300.5100 503.9200 13 1791 565.8900 530.1200 86 548 -30.2000 502.7700 87 603 714.1600 413.8000
-2.0274945625e+01 2.3014138098e+01 -6.8616107273e+01
253 242 218
9 18 4028 -279.7600 518.8700 19 3581 -460.3400 468.3900 17 3246 -132.4000 519.5000 20 3788 -632.4000 477.7200 16 2716 69.7700 489.2300 15 2651 245.1899 515.2000 13 2897 562.1899 532.1700 86 1131 -38.3000 508.2100 87 1242 706.0699 419.1400
-2.4019446398e+01 -2.8094578828e+00 -1.7816190735e+00
181 191 195
4 18 403 -457.7700 159.7200 19 356 -463.8800 100.6100 17 479 -481.0600 176.5100 21 232 -344.2700 89.1800
-1.1467079705e+01 -3.6524814820e+00 4.0438618787e+00
149 164 172
12 18 95 190.8500 158.6000 19 89 224.9399 127.7100 17 138 79.2200 166.3600 88 47 -316.2100 -144.5400 16 212 4.5600 132.7000 91 58 16.2100 -212.7300 15 295 -31.1700 150.8500 21 168 352.9500 136.8800 14 309 -214.0800 133.1200 86 89 -384.8200 -211.1100 87 111 357.6500 -301.2300 85 320 -178.5900 -84.1500
-8.8154113680e+00 -3.5199774463e+00 5.2814295848e+00
221 228 232
10 18 172 349.1000 171.2000 19 147 380.6400 145.7500 17 220 223.4800 178.7400 88 84 -36.9500 -116.2400 16 214 131.6400 138.8900 91 144 240.0900 -174.2400 15 217 80.5500 156.0100 14 310 -123.1000 137.9100 86 128 -168.0000 -191.6700 87 151 577.1300 -285.5100
-2.3277961088e+01 -2.0280152827e+00 -1.3162267554e+00
75 73 72
4 18 273 -426.3900 199.9700 19 253 -429.2000 143.3100 20 141 -375.7700 150.8600 21 169 -303.2200 136.8200
-9.7538832301e+00 -3.9217386906e+00 4.7289618236e+00
212 209 200
8 18 256 291.5900 145.7700 19 244 324.5400 118.6100 17 216 170.6500 154.5500 20 214 399.6200 136.1900 16 207 84.5600 118.0300 15 288 38.8600 135.7000 14 424 -155.5600 116.5100 87 145 498.4000 -322.2400
-1.1097456812e+01 -3.6433376729e+00 4.2379945534e+00
66 68 72
11 18 402 213.8800 159.1400 19 369 247.9600 129.0800 17 335 98.2800 167.1900 20 526 327.2400 146.7000 16 316 20.3900 133.4500 91 283 48.8500 -208.0800 15 403 -18.3600 152.7800 21 577 372.9500 139.2500 14 429 -203.4900 135.0400 86 203 -354.9700 -209.5700 87 232 387.7500 -300.5300
-3.2842232573e+01 3.5141807455e+01 -1.0100178547e+02
247 245 233
5 18 700 -437.8000 557.5000 19 458 -650.3000 504.8900 17 610 -258.7600 556.6700 15 509 172.2600 558.0300 14 553 248.7600 549.1100
-2.3063452952e+01 -3.9076063350e+00 -1.6123285572e+00
204 208 212
4 18 790 -410.5900 110.1000 19 534 -410.8400 51.0000 20 506 -356.3700 53.7900 21 551 -286.3000 37.7200
-8.6227190030e+00 -4.3223264432e+00 5.2243584355e+00
162 170 181
9 18 569 359.7200 129.1300 19 548 391.9100 106.0600 17 469 233.9600 136.4700 20 518 463.4500 125.8000 88 255 -16.6100 -193.4700 16 636 139.7600 95.2000 91 389 259.4399 -232.3200 15 565 87.3600 110.2400 14 623 -116.6300 90.2600
-2.3549305373e+01 -2.0135958083e+00 -1.3862398607e+00
253 254 251
7 18 413 -439.2500 198.7600 19 376 -442.8600 141.0500 17 492 -466.6100 213.2900 16 481 -444.6600 207.8300 15 418 -407.9200 238.9100 14 667 -506.4100 226.0500 85 459 -612.7700 36.7200
-3.5168933209e+01 3.7533602812e+01 -1.0099872869e+02
190 187 179
6 18 706 -468.8200 587.4200 19 686 -684.6800 536.0400 17 614 -287.5100 584.4600 16 832 -50.3200 558.2300 15 753 147.5000 585.8300 14 802 224.5200 576.9200
-7.0052798063e+00 -3.0122480895e+00 6.5018950752e+00
221 230 231
11 18 585 467.5699 208.4600 19 560 495.5000 187.1600 17 490 332.3900 212.9100 20 530 563.3800 205.9400 88 128 168.7500 -49.8600 16 467 228.1300 165.7300 91 215 402.6700 -101.6300 15 581 163.3400 180.7200 21 904 579.0601 196.8400 14 965 -60.0500 161.6200 85 878 17.0300 -29.2200
-2.1412990899e+01 -2.8067436040e+00 -3.9193026635e-01
121 137 146
7 18 582 -337.7800 169.6400 19 551 -328.9600 116.2800 17 715 -383.1000 183.9800 16 960 -380.5500 175.5500 15 1393 -356.8700 205.0900 14 1519 -468.2500 191.2300 87 359 -328.9800 -234.1000
-3.5373956804e+00 2.7224713588e+01 -8.4734522914e+01
144 140 140
8 18 2252 -44.4000 518.5800 19 2158 -232.5400 471.5000 17 1920 112.5700 521.4100 20 2258 -407.8800 477.2700 16 1707 329.5900 483.3800 15 2647 526.3400 508.5900 14 1792 598.8600 500.8500 86 550 606.6400 505.3400
-4.5404901732e+00 -1.7552979745e+00 6.6820901780e+00
239 243 243
7 18 3473 596.6100 282.0600 19 5783 606.3101 261.4200 17 2842 468.1200 285.1600 16 2379 369.3000 231.1400 15 2359 308.0800 243.0400 14 2396 77.2700 223.2500 86 1235 221.4700 -23.6200
8.5361396336e+00 2.5857044311e+01 -7.7294561940e+01
236 237 221
5 18 332 143.9900 528.1500 19 306 -41.7400 484.2400 17 281 296.7700 531.8400 16 269 514.2700 488.0200 15 184 720.3500 513.2000
-9.4695636292e+00 -4.3086342705e+00 4.6878635890e+00
8 9 11
8 18 157 306.0500 127.1300 19 134 338.2800 101.6700 17 130 185.8500 135.1300 20 130 411.6000 120.9800 88 43 -110.1400 -199.6700 16 201 98.3600 97.0600 91 85 181.1000 -244.7300 15 211 51.6100 113.6000
-9.4713083251e+00 -4.3088971852e+00 4.6926815293e+00
8 9 11
8 18 158 306.0500 127.1300 19 135 338.2800 101.6700 17 131 185.8500 135.1300 88 44 -110.1400 -199.6700 16 202 98.3600 97.0600 15 212 51.6100 113.6000 86 122 -221.6000 -270.0600 87 143 522.1801 -363.8300
-8.1498088901e+00 -3.6920345591e+00 5.4787822001e+00
16 17 17
9 18 168 387.1400 165.7000 19 146 417.1100 142.5400 17 139 260.2700 171.7600 20 142 487.3300 161.4000 88 83 31.5400 -127.8500 16 211 165.5500 128.0000 91 89 291.9600 -175.6500 15 214 111.9300 141.5800 87 110 635.8101 -306.2800
-2.3199185904e+01 -3.6378988649e+00 -1.6594244328e+00
18 20 22
3 18 250 -417.6000 122.5700 19 223 -418.8700 63.8000 17 320 -446.5600 141.9000
-2.4006456713e+01 -3.6097911796e+00 -2.0159367423e+00
249 250 252
5 18 392 -454.0100 121.9900 19 348 -459.6700 60.9000 17 321 -476.8200 142.0000 16 460 -454.2300 142.5800 21 336 -342.8200 44.5800
-2.3946539970e+01 -2.3344414547e+00 -1.6281924012e+00
225 232 236
3 18 409 -456.1800 182.9300 19 368 -462.1700 124.8900 20 212 -411.0900 130.2200
-2.9071613052e+01 3.0530960517e+01 -9.9682933896e+01
163 165 155
3 18 324 -389.1700 505.7200 19 300 -595.0200 452.0100 15 358 208.9500 506.2400
8.5133513991e+00 2.7714699016e+01 -7.6335412638e+01
182 180 175
6 18 699 145.4400 558.6600 19 681 -40.5800 515.0000 17 611 298.4800 562.8000 20 663 -207.9600 518.8700 16 576 517.5100 519.6200 15 367 724.5000 546.7600
-2.2840875821e+01 -2.9899847509e+00 -1.2811004488e+00
254 255 252
5 18 260 -403.4200 154.2300 19 235 -403.0600 97.1000 17 337 -436.0700 171.7500 16 324 -421.3400 167.8500 15 412 -388.7700 199.4600
-2.3063452952e+01 -3.9076063350e+00 -1.6123285572e+00
204 208 212
4 18 791 -410.5900 110.1000 19 535 -410.8400 51.0000 20 507 -356.3700 53.7900 21 552 -286.3000 37.7200
-8.8729262064e+00 -4.4009661666e+00 5.0943740359e+00
162 169 181
8 18 567 344.6100 124.2500 19 543 377.2700 100.4700 17 467 219.9800 131.8200 20 807 449.7000 119.9400 88 253 -43.6100 -202.7200 16 635 127.0600 91.3100 91 385 239.1400 -242.4700 15 563 75.9200 106.7800
-1.1992207884e+01 -4.0288013972e+00 3.3883930826e+00
67 68 68
4 18 794 157.4700 134.9700 19 802 188.6400 102.5800 16 452 -18.1700 114.2800 15 569 -48.2400 134.7400
-2.3419593322e+01 -3.8072876345e+00 -1.8291182977e+00
251 251 250
7 18 249 -427.0900 113.6900 19 221 -429.4000 52.8900 17 319 -454.0000 134.5200 20 200 -377.0800 53.8000 16 457 -435.7400 134.4900 15 574 -399.5000 167.4300 87 227 -441.3900 -316.0500
-2.2759951932e+01 -3.3598309433e+00 -1.4233748688e+00
43 44 46
7 18 254 -398.0500 136.8100 19 226 -397.6100 79.0800 17 328 -430.7400 154.6800 20 122 -342.3000 83.3300 16 462 -416.6600 151.8400 15 584 -384.7200 184.2400 87 234 -402.4100 -281.2400
-2.2522680223e+01 -2.5415287055e+00 -1.0436970319e+00
173 182 190
8 18 406 -390.4400 177.9000 19 366 -388.5700 122.4400 17 485 -425.3200 192.3900 20 211 -330.4000 129.3300 16 658 -412.2200 185.9300 15 599 -381.1800 216.0700 21 238 -256.9500 115.1900 87 364 -390.6900 -216.3400
-2.4133145812e+01 -2.5148675222e+00 -1.7942288440e+00
26 26 30
8 18 267 -463.4800 173.7300 19 239 -470.8100 115.2700 17 339 -485.7600 189.0800 20 131 -421.4600 120.4200 16 470 -460.5200 186.3300 15 600 -421.0700 218.0200 21 161 -352.5800 105.2700 87 246 -484.4600 -217.4900
-2.4132184194e+01 -2.5194405313e+00 -1.7908194262e+00
26 26 30
7 18 268 -463.4800 173.7300 19 240 -470.8100 115.2700 17 340 -485.7600 189.0800 20 132 -421.4600 120.4200 16 471 -460.5200 186.3300 15 601 -421.0700 218.0200 87 247 -484.4600 -217.4900
-2.3018096612e+01 -2.0566737496e+00 -1.1030599664e+00
213 221 225
4 18 805 -414.8500 199.5000 19 810 -415.8400 143.8400 20 822 -359.1600 151.7500 21 895 -285.8000 137.9300
-2.5304704843e+01 -6.0856808717e+00 4.9996719035e+01
77 67 78
2 18 1915 313.9399 180.0500 19 3150 -469.0200 136.5600
-1.7213323186e+01 -6.2662474391e-01 2.2768930578e+00
253 255 255
8 18 1210 -129.1500 298.9100 19 1196 -103.7200 255.7600 17 1036 -210.4100 304.0800 20 1232 -19.7700 270.2800 16 979 -239.1200 280.9000 91 595 -491.0600 -31.3300 15 910 -241.1900 305.3600 87 496 -63.7600 -38.8600
-3.6828159606e+01 3.5366845931e+01 -1.0314037371e+02
204 198 187
5 18 1417 -485.4700 551.7100 19 1404 -701.5000 498.9399 17 1266 -302.5800 550.6801 16 1197 -66.5900 525.2700 15 1676 132.2000 554.2200
-2.4385753630e+01 -2.6836405188e+00 -1.9443942053e+00
252 251 249
6 18 1912 -474.5300 164.9600 19 1857 -482.6700 104.7000 20 1213 -435.2100 109.2200 15 2342 -425.8800 212.0400 21 3372 -366.4200 91.7300 87 956 -499.0400 -228.9600
-2.1635113025e+01 2.7377967061e+01 -6.8310622559e+01
94 90 81
5 18 7527 -305.0400 590.9399 19 3601 -489.7000 541.5500 17 6381 -155.4900 588.9100 16 4900 51.4300 558.0400 15 4722 228.7200 585.5601
-2.0651183637e+01 -3.7360113320e+00 -1.1930105335e+00
10 12 11
5 18 6 -295.8100 123.8600 19 6 -289.2400 71.2900 17 10 -342.7300 139.3400 20 4 -234.4500 78.0600 16 11 -339.3900 132.3500
-8.7076214107e+00 -3.9973974904e+00 5.1648218380e+00
166 177 183
4 18 23 353.5000 146.9400 19 21 384.3900 123.4900 17 19 229.4200 153.3100 16 20 135.9700 111.3000
-8.8118163622e+00 -4.1807225505e+00 5.1879995689e+00
161 173 189
7 18 162 349.7900 136.2100 19 138 381.4200 112.5000 17 135 223.5900 143.8600 20 133 454.3700 132.0000 88 46 -36.4500 -180.2100 16 135 130.3500 103.0700 91 86 244.1000 -223.2800
-8.8859140284e+00 -4.6712479813e+00 4.9867013419e+00
158 167 175
8 18 248 342.2500 109.6900 19 232 375.0800 86.0500 17 211 218.5000 116.9900 20 206 447.0800 106.5600 88 75 -46.1400 -232.2600 16 199 126.0400 77.3400 91 136 236.7000 -265.2100 86 119 -175.2200 -302.5300
-9.3097743173e+00 -4.0858815316e+00 4.9478364527e+00
169 181 189
9 18 163 318.0400 140.4300 19 140 351.3400 115.3000 17 213 194.5500 148.2600 20 135 425.0400 134.6000 88 79 -89.8300 -175.0700 16 204 105.4200 109.3100 91 138 202.0000 -222.3400 86 123 -209.8000 -248.3900 87 144 534.0699 -342.7100
1.1408990737e+01 1.5976533500e+01 -5.1418443136e+01
250 247 236
5 18 315 316.2200 476.6600 19 443 149.7400 437.1200 17 266 444.0300 481.3101 88 97 132.6800 428.8700 16 261 634.6600 431.3800
1.1318503960e+01 1.6873102680e+01 -5.1388602592e+01
252 253 245
5 18 320 313.8400 492.5800 19 449 146.4600 453.0701 17 271 442.0200 497.2500 88 101 127.8400 469.1200 16 264 633.3900 446.4700
-8.6976681135e+00 -4.4954321448e+00 5.1431523027e+00
125 129 126
6 18 388 355.0000 119.4100 19 355 387.1200 96.2500 17 314 229.4800 126.9900 88 110 -25.0700 -211.3400 16 294 135.6400 86.4200 91 202 253.3400 -248.2600
-8.4919877176e+00 -4.1941924761e+00 5.3215154168e+00
98 98 96
7 18 397 368.1600 136.4500 19 358 400.0000 113.5800 17 322 241.5800 143.6600 20 336 471.5900 133.2700 88 115 -2.3600 -179.5900 16 302 146.7000 102.0100 91 204 270.2100 -220.3700
-9.0750051857e+00 -3.9597809475e+00 5.1237152993e+00
132 137 135
8 18 399 333.5400 147.5000 19 364 366.6899 123.1600 17 326 209.0300 155.3400 20 340 440.4100 142.0100 88 118 -63.9600 -160.0000 16 305 117.7900 115.3600 91 208 222.0100 -208.5300 21 362 471.9000 136.0800
-9.0739872588e+00 -3.9597783955e+00 5.1198207171e+00
132 137 135
7 18 400 333.5400 147.5000 19 365 366.6899 123.1600 17 327 209.0300 155.3400 20 341 440.4100 142.0100 88 119 -63.9600 -160.0000 16 306 117.7900 115.3600 91 209 222.0100 -208.5300
-8.3666018337e+00 -3.8497864026e+00 5.4373532531e+00
237 238 240
6 18 580 376.3600 155.6600 19 807 407.5500 131.8700 17 477 249.2700 162.8600 88 185 10.2100 -143.6100 16 310 154.3700 121.0900 91 587 279.0800 -191.5500
-8.7291879805e+00 -3.8547460222e+00 5.3114646900e+00
121 125 125
7 18 401 354.6700 154.6300 19 370 387.2200 130.4200 17 329 228.7400 161.8500 20 342 460.1300 149.5200 88 121 -26.7400 -146.8200 16 311 135.2300 120.9300 91 210 250.9000 -195.4800
-2.4217081874e+01 -4.0410440382e+00 -2.0360008855e+00
129 122 116
4 18 387 -463.0200 101.1500 19 217 -467.9800 38.7700 17 313 -485.3000 122.9800 16 454 -462.3400 124.9400
1.4557267898e+01 1.3530847213e+01 -4.6485017358e+01
211 209 122
5 18 923 409.1600 451.5900 19 903 244.2700 415.1700 17 813 533.4000 456.5300 88 222 337.9200 371.7800 16 524 721.5800 402.7700
-8.3429451161e+00 -5.3225113842e+00 5.0549193247e+00
46 49 55
8 18 559 372.8900 75.3300 19 536 404.6000 54.0800 17 462 248.3400 83.2000 20 508 473.4399 75.2900 88 251 9.9900 -292.4500 16 630 152.5100 42.2600 91 279 281.8500 -312.4900 21 878 498.6801 74.0300
-7.7502570904e+00 -4.1508608485e+00 5.6128010909e+00
41 48 54
5 18 574 411.9399 140.2400 19 552 441.5000 118.2500 17 703 283.7000 147.6000 88 258 75.8700 -170.1900 16 637 185.3500 103.7000
-2.3476077171e+01 -3.5765091402e+00 -1.7880365044e+00
205 206 208
4 18 565 -430.2400 124.7800 19 349 -433.2100 66.4800 17 474 -457.1100 143.6100 16 646 -438.1800 141.8800
-8.9212664107e+00 -3.2215438371e+00 5.3245815735e+00
186 199 211
5 18 803 343.8199 188.9800 19 814 375.4301 163.5900 17 720 217.9800 195.0100 20 824 449.1000 181.8800 16 652 126.7400 154.2900
1.6509556729e+01 1.3149114589e+01 -4.4996513846e+01
111 113 61
5 18 922 457.0100 450.7000 19 901 290.9500 415.4400 17 812 581.8101 455.5400 88 221 444.9900 368.8800 16 747 772.7500 400.3400
1.3946574760e+01 1.4097988068e+01 -4.7649351328e+01
101 85 54
5 18 1361 389.1400 457.4299 19 1341 223.4100 420.7800 17 1204 513.8500 462.2000 88 324 293.5800 385.2500 16 750 702.8700 409.3100
1.5065637425e+01 1.0533111030e+01 -4.2066458422e+01
184 183 127
5 18 1288 456.6899 410.7400 19 1257 296.6200 377.3600 17 1143 574.8300 414.8200 88 411 437.7500 280.1000 16 1030 755.8101 357.7200
1.1878095897e+01 1.1484009987e+01 -4.4603570848e+01
206 197 101
6 18 1296 374.7600 419.9400 19 1269 216.4200 384.0400 17 1151 493.1000 423.5300 20 2069 83.2600 387.2900 88 417 255.4100 300.0100 16 1054 671.9200 369.8500
1.6555596786e+01 1.2246694511e+01 -4.3795768695e+01
113 110 57
6 18 2110 468.4800 438.3600 19 2051 303.7800 403.8500 17 1816 591.7800 442.9600 88 441 469.1000 341.1600 16 1080 780.5100 386.5300 91 657 -488.2800 157.2900
1.4101225243e+01 1.5063743355e+01 -4.8981886345e+01
248 247 141
4 18 2191 380.9700 469.9900 19 2107 214.2800 432.6000 17 1875 508.5601 474.7200 16 1124 700.1000 422.4500
-1.0930422005e+01 -2.6028499133e+00 4.8165903139e+00
187 207 212
10 18 1921 229.4100 218.1500 19 1872 264.7700 187.7600 17 1621 108.4600 224.5900 20 3365 346.9100 204.7800 88 531 -254.3200 -34.1900 16 1451 28.0500 188.7300 91 1154 74.2800 -115.2700 21 3393 392.7100 194.5900 86 596 -346.9300 -110.0700 87 698 396.7500 -200.7600
-2.1624878990e+01 -1.5767644245e+00 5.5251496486e-02
168 190 206
5 18 1923 -351.8600 230.8500 19 1869 -343.3200 179.0300 17 1623 -397.6300 241.2200 16 1464 -392.6600 230.0300 87 963 -350.0900 -131.9200
1.1054885026e+01 1.4084627688e+01 -4.8574051002e+01
139 145 80
6 18 1354 329.7700 453.6500 19 1325 167.2700 415.9800 17 1842 453.0900 457.7000 20 1365 28.8100 418.5500 88 453 158.4900 377.0600 16 1621 638.2500 406.4600
1.1071417200e+01 1.1292090375e+01 -4.4435658698e+01
232 224 138
5 18 3689 361.1400 416.6200 19 3351 203.8200 380.5400 17 3012 478.1600 420.0900 88 858 223.2100 293.2800 16 2495 654.4301 366.7300
1.1439040355e+01 1.1263612903e+01 -4.4222992061e+01
151 136 38
6 18 3693 369.8101 416.9400 19 3353 211.9700 381.0900 17 3014 486.8700 420.6300 20 3518 79.3200 384.5500 88 861 242.5300 294.0300 16 2498 663.4301 366.8900
1.3530177637e+01 1.4027479107e+01 -4.7793536375e+01
152 140 72
6 18 7293 380.1700 455.6500 19 6209 215.5800 418.7300 17 3151 505.0900 460.1300 20 6621 76.0200 421.3700 88 985 274.3199 381.3100 16 2610 693.0900 407.3700
1.1197564280e+01 1.5499399541e+01 -5.1189395351e+01
245 228 179
5 18 7355 314.3900 468.4399 19 6234 148.6700 429.5200 17 6153 441.5400 472.8199 88 1018 127.7600 411.8200 16 2641 631.0000 422.6900
1.0155177992e+01 1.5790396317e+01 -5.1607710829e+01
217 214 147
5 18 3950 293.2300 472.1500 19 3530 127.4800 433.2400 17 3182 419.9700 476.4100 88 699 78.8800 420.3400 16 2652 608.6200 426.8201
1.0586083617e+01 1.9211705504e+01 -5.0728387166e+01
236 214 164
5 18 4050 303.0601 539.6400 19 3590 134.7500 498.8800 17 3273 430.6700 544.6899 88 734 100.2500 574.4100 16 2729 623.9700 497.4100
1.0619056687e+01 2.0452763636e+01 -5.0438450264e+01
253 251 230
4 18 7508 304.5601 564.2400 19 6344 135.3400 523.2000 17 6351 432.4399 569.8101 16 2768 627.2500 523.3800
1.6581279066e+01 1.1854120505e+01 -4.3348388758e+01
244 228 137
6 18 3767 472.7700 432.2500 19 6128 308.7100 398.1200 17 5934 595.8600 437.1600 88 915 478.5900 328.0100 16 4490 783.9500 380.2900 91 1253 -474.0300 145.7000
-3.2947480823e+00 2.7359227702e+01 -8.4577789708e+01
253 251 237
5 18 7470 -40.7800 520.5601 19 6323 -228.8300 473.5200 17 6279 116.0200 523.7400 16 4761 332.8400 485.3000 86 1135 615.2400 512.0400
1.0457517604e+01 2.0366830059e+01 -5.0383252817e+01
132 121 89
4 18 7507 302.0300 562.9399 19 6343 133.1400 521.5900 17 6348 429.7400 568.6899 16 4836 624.1100 522.2600
-8.6577615051e+00 -4.0092052426e+00 5.1434702294e+00
166 177 183
5 18 24 353.5000 146.9400 19 22 384.3900 123.4900 17 20 229.4200 153.3100 88 6 -20.9000 -165.5200 91 13 249.4800 -209.1000
-2.3475556992e+01 -2.8807313571e+00 -1.4636986361e+00
179 190 200
3 18 18 -434.1600 157.9900 19 17 -435.4000 101.8900 17 21 -461.1300 173.7000
2.9531933526e+01 2.4761094483e+01 -6.3992105887e+01
191 190 180
4 18 86 515.5699 564.6000 19 80 320.2300 524.3400 17 86 677.4200 575.3800 20 77 153.8100 523.8199
-1.7935484750e+01 2.6211535276e-01 1.9039471274e+00
166 202 238
3 18 178 -169.7800 341.2600 19 155 -148.4000 298.1100 17 149 -242.9300 342.6000
2.3002387013e+01 1.2099682680e+01 -4.0628020870e+01
179 186 105
4 18 194 618.5100 448.5200 19 171 444.9399 416.3600 17 173 750.3000 454.9600 20 249 301.9800 419.2200
-8.8912796370e+00 -5.1674039042e+00 4.7932463830e+00
221 227 228
6 18 239 339.0400 81.9700 19 222 371.3400 58.7600 17 208 217.4100 91.7000 88 70 -48.4800 -278.7500 91 195 232.6100 -309.5600 21 341 473.0200 76.1000
-1.1681947583e+01 -1.4121297407e-01 4.3006456058e+00
215 234 251
4 18 278 175.9400 347.0000 19 266 204.3700 312.0900 17 228 64.3000 349.7300 88 88 -345.9600 194.5100
2.2150625686e+01 9.3349471412e+00 -3.7318391567e+01
151 151 73
3 18 297 640.3700 405.5400 19 283 471.4800 375.6300 17 250 766.0800 411.1300
1.2537610079e+01 2.6949394765e+01 -7.4210748241e+01
199 196 183
4 18 333 211.5300 555.9700 19 307 24.9200 512.7500 17 282 364.5200 560.9301 20 265 -140.6800 516.0900
1.2563681011e+01 2.6982443584e+01 -7.4306537678e+01
199 196 183
3 18 334 211.5300 555.9700 19 308 24.9200 512.7500 17 283 364.5200 560.9301
-9.2268301977e+00 -4.4738559556e+00 4.8890056821e+00
159 168 175
4 18 389 322.5900 119.1100 19 353 355.7200 94.5000 17 316 199.7900 127.1400 88 112 -81.6500 -212.9800
-9.0548907437e+00 -4.3522820844e+00 5.0250911141e+00
127 128 127
6 18 393 333.8300 126.0800 19 357 366.9500 101.9200 17 318 209.9300 133.9700 20 331 440.0699 121.4900 88 114 -62.8100 -199.0900 91 203 223.8500 -240.9900
-2.3778845199e+01 -3.1516800419e+00 -1.7504586464e+00
180 189 193
5 18 258 -445.6100 143.9300 19 230 -450.0100 84.6400 17 333 -470.7700 162.2400 20 202 -399.0100 88.0100 87 238 -464.9200 -264.3500
-2.4086031343e+01 -3.0505249439e+00 -1.8902075950e+00
27 28 28
4 18 259 -459.5900 147.3500 19 233 -466.3200 87.2600 17 334 -482.0700 165.9500 87 242 -481.9100 -256.4500
-2.3807048607e+01 -2.0886677865e+00 -1.5432754781e+00
19 19 25
4 18 272 -450.6800 195.2100 19 252 -456.1800 138.0800 17 346 -475.5200 207.8100 20 138 -404.5100 144.9000
2.3509210246e+01 1.1248659467e+01 -3.9232691762e+01
124 116 69
4 18 640 643.6899 437.2000 19 621 469.8101 406.3300 17 383 775.0200 443.5300 20 602 327.6899 409.2600
1.7310374746e+01 1.2813902423e+01 -4.4201017155e+01
204 210 124
3 18 463 478.4900 447.6799 19 429 312.1899 412.5000 17 385 603.8400 452.7300
-8.8679619858e+00 -4.3998556314e+00 5.0894238186e+00
162 169 181
5 18 566 344.6100 124.2500 19 542 377.2700 100.4700 17 466 219.9800 131.8200 20 806 449.7000 119.9400 91 384 239.1400 -242.4700
-8.6225683681e+00 -4.3204984101e+00 5.2239034089e+00
162 170 181
6 18 568 359.7200 129.1300 19 547 391.9100 106.0600 17 468 233.9600 136.4700 20 517 463.4500 125.8000 88 254 -16.6100 -193.4700 91 388 259.4399 -232.3200
-4.0093959218e+00 -4.3645525068e+00 5.3368427498e+00
45 49 51
3 18 396 591.7500 134.7200 19 243 597.0200 119.8900 17 470 477.7400 138.8000
-2.4617198554e+01 -3.6242816763e+00 -2.1511726490e+00
138 136 131
3 18 391 -482.1000 119.8100 19 347 -489.9400 57.6500 17 472 -501.1600 139.8400
-9.0464071771e+00 -4.1620093795e+00 5.1013885076e+00
166 176 185
5 18 571 335.4000 136.9300 19 549 368.3400 112.4300 17 473 210.5100 144.4000 20 812 441.5699 131.4700 88 256 -60.8400 -180.0300
-2.6075215805e+01 -2.3211596273e+00 -2.5928889974e+00
107 116 118
3 18 407 -550.4900 176.3600 19 241 -568.1400 114.2900 17 486 -557.7800 192.6700
-2.5713735623e+01 -2.2272255504e+00 -2.2710412005e+00
72 76 75
4 18 410 -536.2200 182.3300 19 363 -551.0900 120.4200 17 487 -547.1200 198.8000 20 333 -509.6000 125.1300
-2.3546361784e+01 -2.0379912883e+00 -1.3561531413e+00
253 254 251
3 18 412 -439.2500 198.7600 19 375 -442.8600 141.0500 17 491 -466.6100 213.2900
2.0683943730e+01 8.9105453877e+00 -3.7704490025e+01
202 206 121
3 18 610 607.7300 395.1900 19 590 442.6000 365.4900 17 520 730.8000 399.0600
1.9257159996e+01 9.5973382822e+00 -3.9143582757e+01
122 131 88
4 18 621 565.0200 403.9200 19 863 400.6700 373.0000 17 534 686.5400 408.0000 88 202 678.0200 263.3100
2.0355385812e+01 1.0694849157e+01 -4.0020291391e+01
192 187 128
4 18 633 575.8500 422.8400 19 881 408.8101 390.9800 17 546 701.1300 427.8101 88 209 706.1700 305.8900
2.1227342857e+01 1.0833342130e+01 -3.9848466156e+01
158 174 85
5 18 634 594.2700 426.2500 19 612 424.9000 394.6900 17 549 721.2600 431.8800 20 585 286.1300 397.5100 88 148 746.9500 313.9300
2.3020123615e+01 1.1034705560e+01 -3.9314425496e+01
218 215 141
4 18 639 633.5699 432.8700 19 884 461.7000 400.8200 17 554 763.8199 438.8900 20 596 319.2700 404.6800
2.1846986179e+01 1.1836309563e+01 -4.0907173530e+01
119 127 78
4 18 641 594.3400 442.0100 19 628 422.9000 409.7800 17 556 724.2700 447.9200 88 153 749.6500 349.0600
1.4254063065e+01 1.2926105203e+01 -4.5569377524e+01
100 106 57
4 18 644 410.8800 444.1000 19 626 247.4301 408.3800 17 557 533.0601 448.3800 88 219 340.8400 354.2300
2.3626497725e+01 1.2228590859e+01 -4.0318602196e+01
200 198 118
4 18 649 633.3000 452.5500 19 906 458.2900 420.6400 17 564 766.3500 458.8500 20 921 314.8900 423.2300
2.3626497725e+01 1.2228590859e+01 -4.0318602196e+01
200 198 118
4 18 650 633.3000 452.5500 19 907 458.2900 420.6400 17 565 766.3500 458.8500 20 922 314.8900 423.2300
2.1795899181e+01 1.3389803782e+01 -4.3098739884e+01
188 186 116
3 18 658 570.4399 463.3600 19 648 397.1200 429.7100 17 573 702.4800 469.7100
-2.1237762050e+01 -5.0372921229e+00 2.5454142614e-01
198 176 165
4 18 787 -325.1400 60.9200 19 794 -306.1100 4.6500 17 697 -378.9100 83.4100 20 800 -231.0700 8.7100
-1.1976804687e+01 -4.0216845305e+00 3.3438348473e+00
67 68 68
3 18 795 157.4700 134.9700 19 803 188.6400 102.5800 17 702 50.9900 145.2100
-2.3899593342e+01 -3.2582636051e+00 -1.8568174895e+00
174 183 187
5 18 573 -450.5800 138.9500 19 538 -455.7000 78.7900 17 709 -474.8600 158.2200 20 319 -405.2700 81.7900 21 338 -336.9500 64.9400
-5.4651093370e+00 -2.4672407500e+00 6.7694878570e+00
187 171 189
3 18 1206 552.9900 242.1600 19 1193 571.8900 221.8100 17 726 420.1600 245.6100
2.1151023275e+01 8.9744897996e+00 -3.7621477718e+01
113 118 63
3 18 849 618.0000 396.8200 19 857 451.3400 367.7000 17 762 741.5100 400.5800
2.1151023275e+01 8.9744897996e+00 -3.7621477718e+01
113 118 63
3 18 850 618.0000 396.8200 19 858 451.3400 367.7000 17 763 741.5100 400.5800
2.3200500365e+01 1.0078999574e+01 -3.8238950353e+01
217 211 138
3 18 874 649.5300 417.3200 19 1273 477.9200 387.6100 17 787 779.0100 422.7700
2.3706088015e+01 1.0546608319e+01 -3.8982256545e+01
77 63 54
4 18 882 650.6600 423.8600 19 1282 476.8300 393.5700 17 792 782.0500 429.5800 20 1317 335.5100 396.8400
2.2474209703e+01 1.0716121458e+01 -3.9276145303e+01
230 219 164
4 18 883 624.2000 426.1400 19 1290 452.6400 395.5400 17 793 752.8300 431.6100 20 1321 312.3199 398.6200
2.3944661207e+01 1.0938384525e+01 -3.8751159468e+01
89 91 57
3 18 899 657.4399 433.0601 19 887 483.1300 402.4600 17 796 789.2900 439.2500
2.2597838016e+01 1.1448584362e+01 -4.0298238669e+01
228 219 132
4 18 904 614.9399 436.8400 19 890 442.5699 405.1800 17 801 745.3101 442.6400 20 1345 301.0200 408.1600
-2.5796695639e+01 3.2898127242e+01 -9.6913190829e+01
200 196 185
4 18 694 -350.5900 545.6700 19 679 -554.1200 494.0900 17 866 -178.6700 545.4900 20 660 -759.4600 505.0800
-1.6533227941e+01 -6.3386930499e-01 2.5744546018e+00
80 105 134
6 18 812 -92.1400 301.9100 19 818 -64.4900 260.2100 17 1037 -178.3500 306.2700 20 831 20.6000 275.2600 91 288 -430.8400 -22.8000 21 910 96.5700 262.4500
2.2348572571e+01 8.7684451534e+00 -3.6909683607e+01
213 212 138
3 18 2015 649.2600 395.2400 19 3294 480.6500 366.4500 17 1106 774.7600 399.8300
2.0172179930e+01 1.0949446460e+01 -4.0445547184e+01
211 207 135
5 18 1310 568.0300 425.8101 19 1287 400.4800 394.4900 17 1162 693.5000 430.9100 20 2107 262.4200 398.9000 88 422 689.1801 313.1500
2.0875716349e+01 1.1056285119e+01 -4.0339414044e+01
229 223 139
4 18 2082 582.5100 428.4900 19 2025 413.6100 396.5000 17 1168 709.1400 433.9800 88 430 721.3800 319.6000
2.0511494192e+01 1.2816223985e+01 -4.2841969473e+01
232 236 138
4 18 1352 549.6100 453.2400 19 1337 379.2300 419.7600 17 1196 678.7400 459.2200 88 323 653.4600 374.0900
1.2310277843e+01 1.4036508521e+01 -4.7834364726e+01
168 189 85
4 18 2155 357.8500 455.9200 19 2082 194.0900 418.3900 17 1197 481.3800 460.1400 88 457 222.1100 381.4800
2.2005757619e+01 1.3142200191e+01 -4.2803445333e+01
218 219 115
4 18 1363 577.4800 459.7200 19 1358 403.9100 426.3400 17 1212 709.5000 466.1799 88 460 716.3000 388.4100
2.3444216519e+01 1.3156855917e+01 -4.2166832955e+01
227 218 159
3 18 1370 609.8500 462.6899 19 1361 434.3101 429.8201 17 1223 744.4800 469.7200
-1.7621333101e+01 3.1754266635e+00 1.3214265782e+00
177 202 218
4 18 946 -160.7300 482.8101 19 918 -152.6300 440.9500 17 1230 -226.6000 476.2700 20 640 -82.0900 459.9700
