# Bundle file v0.3
110 3865
0 0 0
0 0 0
0 0 0
0 0 0
0 0 0
0 0 0
0 0 0
0 0 0
0 0 0
0 0 0
0 0 0
0 0 0
0 0 0
0 0 0
0 0 0
0 0 0
0 0 0
0 0 0
0 0 0
0 0 0
0 0 0
0 0 0
0 0 0
0 0 0
0 0 0
0 0 0
0 0 0
0 0 0
0 0 0
0 0 0
0 0 0
0 0 0
0 0 0
0 0 0
0 0 0
0 0 0
0 0 0
0 0 0
0 0 0
0 0 0
0 0 0
0 0 0
0 0 0
0 0 0
0 0 0
1.6802756956e+03 -1.2356808158e-01 1.2138084470e-01
2.4305604812e-01 2.0018149820e-01 -9.4913177444e-01
-2.7173056667e-01 9.5334886981e-01 1.3148548045e-01
9.3117466493e-01 2.2594977365e-01 2.8611264071e-01
1.4322578948e+00 2.7277878263e+00 -3.0734422024e+01
1.6808203033e+03 -1.4390052349e-01 1.7635376058e-01
3.9054747443e-01 1.9260216968e-01 -9.0020946143e-01
-2.6297926501e-01 9.6046214285e-01 9.1402288417e-02
8.8222138740e-01 2.0103948963e-01 4.2575644120e-01
3.3221712551e+00 2.9345153085e+00 -2.9275963165e+01
1.6806080964e+03 -1.6072176712e-01 2.2451830351e-01
5.7116044565e-01 2.0680194596e-01 -7.9436056075e-01
-2.7514212091e-01 9.5999140818e-01 5.2089437671e-02
7.7335151039e-01 1.8881062302e-01 6.0520904654e-01
3.6776746223e+00 3.7281151371e+00 -2.8259135357e+01
1.6738884839e+03 -1.2620353414e-01 1.3384846544e-01
7.1134513102e-01 1.5804743598e-01 -6.8484239979e-01
-2.2039100466e-01 9.7540414018e-01 -3.8168558071e-03
6.6739486785e-01 1.5364820632e-01 7.2868121910e-01
5.2290627652e+00 4.4211481853e+00 -2.9083698934e+01
1.6831925010e+03 -1.6768624133e-01 2.1809707414e-01
8.1111966576e-01 1.3871606161e-01 -5.6819252202e-01
-1.7408211922e-01 9.8469774234e-01 -8.1099935081e-03
5.5837290728e-01 1.0549033358e-01 8.2285568961e-01
6.9070585054e+00 4.6684460303e+00 -3.1204110136e+01
1.6774232700e+03 -1.4339362439e-01 1.6326450129e-01
9.1364327320e-01 9.7210189206e-02 -3.9472287551e-01
-1.1473775289e-01 9.9317417126e-01 -2.0983650871e-02
3.8998874010e-01 6.4461187217e-02 9.1856057935e-01
7.0892514302e+00 4.6240783596e+00 -3.2349626622e+01
1.6785297460e+03 -1.5232634148e-01 1.9053532570e-01
9.4594562738e-01 8.3848296365e-02 -3.1329911145e-01
-9.8889692608e-02 9.9457076326e-01 -3.2401011785e-02
3.0888136676e-01 6.1631648247e-02 9.4910159688e-01
1.0718674849e+01 5.2011137569e+00 -3.3507595770e+01
1.6773605442e+03 -1.5453507602e-01 2.0807962981e-01
9.8416622057e-01 4.9736336793e-02 -1.7012685588e-01
-5.5064381098e-02 9.9812464568e-01 -2.6741458725e-02
1.6847778554e-01 3.5685970393e-02 9.8505926080e-01
1.1231093167e+01 5.2632208297e+00 -3.5241006728e+01
1.6719517160e+03 -1.3692669791e-01 1.6239823835e-01
9.9981095447e-01 -1.9411718165e-02 -1.1137883042e-03
1.9334921780e-02 9.9863707034e-01 -4.8478475075e-02
2.0533207843e-03 4.8447775426e-02 9.9882360651e-01
1.2044469926e+01 6.6969884938e+00 -3.6056147021e+01
1.6693759479e+03 -1.3185378307e-01 1.4266390906e-01
9.8902747995e-01 -4.2679791474e-02 1.4143224281e-01
4.9292108258e-02 9.9783308813e-01 -4.3582293273e-02
-1.3926568841e-01 5.0075579109e-02 9.8898812147e-01
1.3437558672e+01 6.7138487534e+00 -3.6318752215e+01
1.6707542489e+03 -1.5630308093e-01 1.9504805138e-01
9.5522272258e-01 -9.0158572929e-02 2.8181728476e-01
9.6103780914e-02 9.9534443501e-01 -7.3156670418e-03
-2.7984569597e-01 3.4071797981e-02 9.5944020086e-01
1.3144000720e+01 6.5193627951e+00 -3.8184014071e+01
1.6657988880e+03 -1.4659387769e-01 1.6775077585e-01
9.0014171429e-01 -1.1161297929e-01 4.2105514727e-01
1.2146123981e-01 9.9259017157e-01 3.4523212743e-03
-4.1832052474e-01 4.8034301827e-02 9.0702846947e-01
1.3598023287e+01 7.0995103020e+00 -3.9668069565e+01
1.6621075499e+03 -1.3286916471e-01 1.1734240532e-01
8.0654321057e-01 -1.2939378247e-01 5.7684079133e-01
1.3672596242e-01 9.9012597523e-01 3.0928375079e-02
-5.7514699050e-01 5.3924041423e-02 8.1627087237e-01
1.3272077558e+01 7.1444414780e+00 -4.2538186492e+01
0 0 0
0 0 0
0 0 0
0 0 0
0 0 0
0 0 0
0 0 0
0 0 0
0 0 0
0 0 0
0 0 0
0 0 0
0 0 0
0 0 0
0 0 0
0 0 0
0 0 0
0 0 0
0 0 0
0 0 0
0 0 0
0 0 0
0 0 0
0 0 0
0 0 0
0 0 0
0 0 0
0 0 0
0 0 0
0 0 0
0 0 0
0 0 0
0 0 0
0 0 0
0 0 0
0 0 0
0 0 0
0 0 0
0 0 0
0 0 0
0 0 0
0 0 0
0 0 0
0 0 0
0 0 0
0 0 0
0 0 0
0 0 0
0 0 0
0 0 0
0 0 0
0 0 0
0 0 0
0 0 0
0 0 0
0 0 0
0 0 0
0 0 0
0 0 0
0 0 0
0 0 0
0 0 0
0 0 0
0 0 0
0 0 0
0 0 0
0 0 0
0 0 0
0 0 0
0 0 0
0 0 0
0 0 0
0 0 0
0 0 0
0 0 0
0 0 0
0 0 0
0 0 0
0 0 0
0 0 0
0 0 0
0 0 0
0 0 0
0 0 0
0 0 0
0 0 0
0 0 0
0 0 0
0 0 0
0 0 0
0 0 0
0 0 0
0 0 0
0 0 0
0 0 0
0 0 0
0 0 0
0 0 0
0 0 0
0 0 0
0 0 0
0 0 0
0 0 0
0 0 0
0 0 0
0 0 0
0 0 0
0 0 0
0 0 0
0 0 0
0 0 0
0 0 0
0 0 0
0 0 0
0 0 0
0 0 0
0 0 0
0 0 0
0 0 0
0 0 0
1.6669019348e+03 -1.2697613308e-01 1.3720163491e-01
7.2687700981e-01 1.5018104905e-01 -6.7014585361e-01
-2.3487327738e-01 9.7131841681e-01 -3.7082027165e-02
6.4535599182e-01 1.8435342599e-01 7.4130254158e-01
4.2741512435e+00 -7.3157491306e-01 -1.2852953114e+01
0 0 0
0 0 0
0 0 0
0 0 0
0 0 0
0 0 0
0 0 0
0 0 0
0 0 0
0 0 0
0 0 0
0 0 0
0 0 0
0 0 0
0 0 0
0 0 0
0 0 0
0 0 0
0 0 0
0 0 0
0 0 0
0 0 0
0 0 0
0 0 0
0 0 0
0 0 0
0 0 0
0 0 0
0 0 0
0 0 0
0 0 0
0 0 0
0 0 0
0 0 0
0 0 0
0 0 0
0 0 0
0 0 0
0 0 0
0 0 0
0 0 0
0 0 0
0 0 0
0 0 0
0 0 0
0 0 0
0 0 0
0 0 0
0 0 0
0 0 0
0 0 0
0 0 0
0 0 0
0 0 0
0 0 0
0 0 0
0 0 0
0 0 0
0 0 0
0 0 0
0 0 0
0 0 0
0 0 0
0 0 0
0 0 0
0 0 0
0 0 0
0 0 0
0 0 0
0 0 0
0 0 0
0 0 0
0 0 0
0 0 0
0 0 0
0 0 0
0 0 0
0 0 0
0 0 0
0 0 0
0 0 0
0 0 0
0 0 0
0 0 0
0 0 0
0 0 0
0 0 0
0 0 0
0 0 0
0 0 0
0 0 0
0 0 0
0 0 0
0 0 0
0 0 0
0 0 0
0 0 0
0 0 0
0 0 0
0 0 0
0 0 0
0 0 0
0 0 0
0 0 0
0 0 0
0 0 0
0 0 0
0 0 0
0 0 0
0 0 0
0 0 0
0 0 0
0 0 0
0 0 0
0 0 0
0 0 0
0 0 0
0 0 0
0 0 0
0 0 0
0 0 0
0 0 0
0 0 0
0 0 0
0 0 0
0 0 0
0 0 0
0 0 0
0 0 0
0 0 0
0 0 0
0 0 0
0 0 0
0 0 0
0 0 0
0 0 0
0 0 0
0 0 0
0 0 0
0 0 0
0 0 0
0 0 0
0 0 0
0 0 0
0 0 0
0 0 0
0 0 0
0 0 0
0 0 0
0 0 0
0 0 0
0 0 0
0 0 0
0 0 0
0 0 0
0 0 0
0 0 0
0 0 0
0 0 0
0 0 0
0 0 0
0 0 0
0 0 0
0 0 0
0 0 0
0 0 0
0 0 0
0 0 0
0 0 0
0 0 0
0 0 0
0 0 0
0 0 0
0 0 0
0 0 0
4.7556794181e+03 4.1226068690e-02 2.7354664322e-03
2.7193034752e-01 2.6165900335e-01 -9.2606071727e-01
-1.7455448025e-01 9.5977213983e-01 2.1992765408e-01
9.4635332700e-01 1.0184304378e-01 3.0666492285e-01
2.4501667808e+00 1.5266061602e-01 -4.6431739561e+01
4.7870224977e+03 7.6365713097e-02 7.8367713590e-04
5.2341936540e-01 1.7145808897e-01 -8.3464620748e-01
-1.3333999343e-01 9.8395910298e-01 1.1851130669e-01
8.4157745578e-01 4.9260606884e-02 5.3788546971e-01
2.9358802275e+00 -7.3281540377e-02 -4.5241912391e+01
4.7987307574e+03 5.8670296691e-02 3.3236367655e-03
6.8436970298e-01 5.7282735425e-02 -7.2688155697e-01
-3.9694015249e-02 9.9835782435e-01 4.1304233678e-02
7.2805390926e-01 5.8548147247e-04 6.8551962949e-01
5.8682591876e+00 3.2384515866e-01 -4.5719414395e+01
4.8180925614e+03 4.9680571953e-02 7.1889078274e-03
8.4550057611e-01 1.2736825320e-01 -5.1856157193e-01
-6.4795356659e-02 9.8843156343e-01 1.3712988796e-01
5.3002861957e-01 -8.2343017272e-02 8.4397232771e-01
8.7638832655e+00 7.6096346549e-01 -6.3284285276e+01
4.8137666990e+03 6.1361900457e-02 5.1366388198e-04
9.8663921954e-01 4.4553750353e-02 -1.5670996711e-01
-2.2692787184e-02 9.9008622218e-01 1.3861569199e-01
1.6133222825e-01 -1.3320749223e-01 9.7786894630e-01
6.8358451660e+00 -4.2973350535e-02 -5.5956576440e+01
4.7995415903e+03 1.1404716726e-01 6.6347723599e-03
9.5072192988e-01 7.3150183881e-02 -3.0129198901e-01
-2.5710878401e-02 9.8702297256e-01 1.5850742053e-01
3.0897696156e-01 -1.4294999906e-01 9.4026514079e-01
1.5351761551e+01 -1.1628880482e+00 -5.4149295538e+01
4.7903475923e+03 9.9072492042e-02 2.5631067774e-03
9.6519740245e-01 -4.8257284147e-02 2.5703153276e-01
1.2168895242e-02 9.9005065391e-01 1.4018423833e-01
-2.6123914771e-01 -1.3217767290e-01 9.5618155728e-01
5.8497797458e+00 1.1531804038e+00 -5.6119044296e+01
0 0 0
0 0 0
0 0 0
0 0 0
0 0 0
0 0 0
0 0 0
0 0 0
0 0 0
0 0 0
4.7954295103e+03 2.5103288712e-02 1.7738985095e-03
7.6026617738e-01 -1.7689455180e-01 6.2506292249e-01
5.3377993862e-02 9.7596748387e-01 2.1127768506e-01
-6.4741495913e-01 -1.2726267315e-01 7.5143734451e-01
5.4591988367e+00 1.5259193832e-01 -6.8961481889e+01
0 0 0
0 0 0
0 0 0
0 0 0
0 0 0
0 0 0
0 0 0
0 0 0
0 0 0
0 0 0
0 0 0
0 0 0
0 0 0
0 0 0
0 0 0
0 0 0
0 0 0
0 0 0
0 0 0
0 0 0
0 0 0
0 0 0
0 0 0
0 0 0
0 0 0
0 0 0
0 0 0
0 0 0
0 0 0
0 0 0
0 0 0
0 0 0
0 0 0
0 0 0
0 0 0
0 0 0
0 0 0
0 0 0
0 0 0
0 0 0
0 0 0
0 0 0
0 0 0
0 0 0
0 0 0
0 0 0
0 0 0
0 0 0
0 0 0
0 0 0
0 0 0
0 0 0
0 0 0
0 0 0
0 0 0
0 0 0
0 0 0
0 0 0
0 0 0
0 0 0
0 0 0
0 0 0
0 0 0
0 0 0
0 0 0
0 0 0
0 0 0
0 0 0
0 0 0
0 0 0
0 0 0
0 0 0
0 0 0
0 0 0
0 0 0
0 0 0
0 0 0
0 0 0
0 0 0
0 0 0
0 0 0
0 0 0
0 0 0
0 0 0
0 0 0
0 0 0
0 0 0
0 0 0
0 0 0
0 0 0
-2.2056328367e+01 -1.7819316810e+00 -1.6067977456e+00
23 22 25
7 18 269 -404.3000 185.7900 19 247 -405.0100 130.4300 17 345 -436.5900 199.6500 20 137 -348.2700 137.6300 16 475 -420.7900 193.7200 21 164 -275.6900 123.5600 87 250 -406.2100 -202.9100
-3.8607595750e+01 3.3041899790e+01 -1.0510745948e+02
192 190 175
5 18 967 -503.0700 519.9900 19 941 -720.0200 465.7700 17 852 -319.3000 519.7200 16 1168 -83.0900 496.4900 12 832 708.6500 587.0300
-1.9834705738e+01 2.3061820330e+01 -6.9537900973e+01
130 128 100
11 18 2250 -275.9500 516.8800 19 2153 -456.3900 466.3000 17 1916 -128.7800 517.4600 20 1440 -628.2000 475.5500 16 1709 73.1900 487.2300 15 1632 248.5100 513.1300 14 1795 300.5100 503.9200 13 1789 565.8900 530.1200 86 547 -30.2000 502.7700 12 1246 771.8700 574.6300 87 602 714.1600 413.8000
-5.7077947396e+00 -3.3406410602e+00 5.7318956048e+00
214 232 217
15 18 6644 480.2200 156.9200 19 3151 507.5100 138.1000 17 5451 347.6200 161.9300 20 6197 571.6400 158.6000 88 758 193.9500 -139.4000 16 4193 242.9200 113.9600 91 1148 420.2400 -173.3400 21 5906 584.0100 152.7300 14 3711 -40.8900 104.3700 13 4001 -80.6000 130.0000 86 1192 14.3800 -230.1900 12 3806 -187.5000 136.8900 87 678 766.5300 -328.1300 85 2748 41.7300 -109.5600 84 977 -249.5500 -266.8600
-3.7671164323e+01 3.4256795861e+01 -1.0393364100e+02
187 187 172
5 18 975 -494.1800 539.3300 19 953 -710.8400 485.8300 17 1260 -310.9100 538.2600 15 1095 122.7600 540.9200 13 1231 490.9800 559.4800
-3.7671164323e+01 3.4256795861e+01 -1.0393364100e+02
187 187 172
5 18 976 -494.1800 539.3300 19 954 -710.8400 485.8300 17 1261 -310.9100 538.2600 15 1096 122.7600 540.9200 13 1232 490.9800 559.4800
-1.9822730328e+01 2.3036855225e+01 -6.9446664709e+01
130 128 100
9 18 2251 -275.9500 516.8800 19 2154 -456.3900 466.3000 17 1917 -128.7800 517.4600 16 1710 73.1900 487.2300 15 1634 248.5100 513.1300 14 1797 300.5100 503.9200 13 1791 565.8900 530.1200 86 548 -30.2000 502.7700 87 603 714.1600 413.8000
-2.0051063143e+01 2.3176866706e+01 -6.9449702787e+01
253 242 218
9 18 4028 -279.7600 518.8700 19 3581 -460.3400 468.3900 17 3246 -132.4000 519.5000 20 3788 -632.4000 477.7200 16 2716 69.7700 489.2300 15 2651 245.1899 515.2000 13 2897 562.1899 532.1700 86 1131 -38.3000 508.2100 87 1242 706.0699 419.1400
-2.3275648733e+01 -2.2468610820e+00 -2.1881991347e+00
181 191 195
4 18 403 -457.7700 159.7200 19 356 -463.8800 100.6100 17 479 -481.0600 176.5100 21 232 -344.2700 89.1800
-1.0566708466e+01 -3.0725262152e+00 3.5800038120e+00
149 164 172
12 18 95 190.8500 158.6000 19 89 224.9399 127.7100 17 138 79.2200 166.3600 88 47 -316.2100 -144.5400 16 212 4.5600 132.7000 91 58 16.2100 -212.7300 15 295 -31.1700 150.8500 21 168 352.9500 136.8800 14 309 -214.0800 133.1200 86 89 -384.8200 -211.1100 87 111 357.6500 -301.2300 85 320 -178.5900 -84.1500
-7.8804491065e+00 -2.9335697046e+00 4.8016594424e+00
221 228 232
10 18 172 349.1000 171.2000 19 147 380.6400 145.7500 17 220 223.4800 178.7400 88 84 -36.9500 -116.2400 16 214 131.6400 138.8900 91 144 240.0900 -174.2400 15 217 80.5500 156.0100 14 310 -123.1000 137.9100 86 128 -168.0000 -191.6700 87 151 577.1300 -285.5100
-2.2522816504e+01 -1.4564652709e+00 -1.7309610035e+00
75 73 72
4 18 273 -426.3900 199.9700 19 253 -429.2000 143.3100 20 141 -375.7700 150.8600 21 169 -303.2200 136.8200
-8.8327528332e+00 -3.3414445884e+00 4.2563473087e+00
212 209 200
8 18 256 291.5900 145.7700 19 244 324.5400 118.6100 17 216 170.6500 154.5500 20 214 399.6200 136.1900 16 207 84.5600 118.0300 15 288 38.8600 135.7000 14 424 -155.5600 116.5100 87 145 498.4000 -322.2400
-1.0192053073e+01 -3.0624003430e+00 3.7721610989e+00
66 68 72
11 18 402 213.8800 159.1400 19 369 247.9600 129.0800 17 335 98.2800 167.1900 20 526 327.2400 146.7000 16 316 20.3900 133.4500 91 283 48.8500 -208.0800 15 403 -18.3600 152.7800 21 577 372.9500 139.2500 14 429 -203.4900 135.0400 86 203 -354.9700 -209.5700 87 232 387.7500 -300.5300
-3.2900791698e+01 3.5046712784e+01 -1.0168711227e+02
247 245 233
5 18 700 -437.8000 557.5000 19 458 -650.3000 504.8900 17 610 -258.7600 556.6700 15 509 172.2600 558.0300 14 553 248.7600 549.1100
-2.2311601463e+01 -3.3543049849e+00 -2.0175084658e+00
204 208 212
4 18 790 -410.5900 110.1000 19 534 -410.8400 51.0000 20 506 -356.3700 53.7900 21 551 -286.3000 37.7200
-7.6877237917e+00 -3.7434810482e+00 4.7481021258e+00
162 170 181
9 18 569 359.7200 129.1300 19 548 391.9100 106.0600 17 469 233.9600 136.4700 20 518 463.4500 125.8000 88 255 -16.6100 -193.4700 16 636 139.7600 95.2000 91 389 259.4399 -232.3200 15 565 87.3600 110.2400 14 623 -116.6300 90.2600
-2.2797419829e+01 -1.4417016345e+00 -1.8021005694e+00
253 254 251
7 18 413 -439.2500 198.7600 19 376 -442.8600 141.0500 17 492 -466.6100 213.2900 16 481 -444.6600 207.8300 15 418 -407.9200 238.9100 14 667 -506.4100 226.0500 85 459 -612.7700 36.7200
-3.5227117689e+01 3.7444569247e+01 -1.0167944920e+02
190 187 179
6 18 706 -468.8200 587.4200 19 686 -684.6800 536.0400 17 614 -287.5100 584.4600 16 832 -50.3200 558.2300 15 753 147.5000 585.8300 14 802 224.5200 576.9200
-6.0425499498e+00 -2.4151684938e+00 6.0116548752e+00
221 230 231
11 18 585 467.5699 208.4600 19 560 495.5000 187.1600 17 490 332.3900 212.9100 20 530 563.3800 205.9400 88 128 168.7500 -49.8600 16 467 228.1300 165.7300 91 215 402.6700 -101.6300 15 581 163.3400 180.7200 21 904 579.0601 196.8400 14 965 -60.0500 161.6200 85 878 17.0300 -29.2200
-2.0635397549e+01 -2.2376808743e+00 -8.0981409373e-01
121 137 146
7 18 582 -337.7800 169.6400 19 551 -328.9600 116.2800 17 715 -383.1000 183.9800 16 960 -380.5500 175.5500 15 1393 -356.8700 205.0900 14 1519 -468.2500 191.2300 87 359 -328.9800 -234.1000
-3.4060203175e+00 2.7226447257e+01 -8.5702055965e+01
144 140 140
8 18 2252 -44.4000 518.5800 19 2158 -232.5400 471.5000 17 1920 112.5700 521.4100 20 2258 -407.8800 477.2700 16 1707 329.5900 483.3800 15 2647 526.3400 508.5900 14 1792 598.8600 500.8500 86 550 606.6400 505.3400
-3.5523134058e+00 -1.1491815416e+00 6.1596101895e+00
239 243 243
7 18 3473 596.6100 282.0600 19 5783 606.3101 261.4200 17 2842 468.1200 285.1600 16 2379 369.3000 231.1400 15 2359 308.0800 243.0400 14 2396 77.2700 223.2500 86 1235 221.4700 -23.6200
8.7752197791e+00 2.5906760235e+01 -7.8387282546e+01
236 237 221
5 18 332 143.9900 528.1500 19 306 -41.7400 484.2400 17 281 296.7700 531.8400 16 269 514.2700 488.0200 15 184 720.3500 513.2000
-8.5469538581e+00 -3.7323911559e+00 4.2152169226e+00
8 9 11
8 18 157 306.0500 127.1300 19 134 338.2800 101.6700 17 130 185.8500 135.1300 20 130 411.6000 120.9800 88 43 -110.1400 -199.6700 16 201 98.3600 97.0600 91 85 181.1000 -244.7300 15 211 51.6100 113.6000
-8.5486543478e+00 -3.7326457359e+00 4.2199250173e+00
8 9 11
8 18 158 306.0500 127.1300 19 135 338.2800 101.6700 17 131 185.8500 135.1300 88 44 -110.1400 -199.6700 16 202 98.3600 97.0600 15 212 51.6100 113.6000 86 122 -221.6000 -270.0600 87 143 522.1801 -363.8300
-7.2074694802e+00 -3.1065895098e+00 4.9955159226e+00
16 17 17
9 18 168 387.1400 165.7000 19 146 417.1100 142.5400 17 139 260.2700 171.7600 20 142 487.3300 161.4000 88 83 31.5400 -127.8500 16 211 165.5500 128.0000 91 89 291.9600 -175.6500 15 214 111.9300 141.5800 87 110 635.8101 -306.2800
-2.2448512812e+01 -3.0824928075e+00 -2.0654162115e+00
18 20 22
3 18 250 -417.6000 122.5700 19 223 -418.8700 63.8000 17 320 -446.5600 141.9000
-2.3265631206e+01 -3.0555691817e+00 -2.4186601036e+00
249 250 252
5 18 392 -454.0100 121.9900 19 348 -459.6700 60.9000 17 321 -476.8200 142.0000 16 460 -454.2300 142.5800 21 336 -342.8200 44.5800
-2.3200094207e+01 -1.7668096491e+00 -2.0373410813e+00
225 232 236
3 18 409 -456.1800 182.9300 19 368 -462.1700 124.8900 20 212 -411.0900 130.2200
-2.9121494207e+01 3.0438950170e+01 -1.0038314779e+02
163 165 155
3 18 324 -389.1700 505.7200 19 300 -595.0200 452.0100 15 358 208.9500 506.2400
8.7648658127e+00 2.7778226365e+01 -7.7442372402e+01
182 180 175
6 18 699 145.4400 558.6600 19 681 -40.5800 515.0000 17 611 298.4800 562.8000 20 663 -207.9600 518.8700 16 576 517.5100 519.6200 15 367 724.5000 546.7600
-2.2083120575e+01 -2.4268466507e+00 -1.6924823741e+00
254 255 252
5 18 260 -403.4200 154.2300 19 235 -403.0600 97.1000 17 337 -436.0700 171.7500 16 324 -421.3400 167.8500 15 412 -388.7700 199.4600
-2.2311601463e+01 -3.3543049849e+00 -2.0175084658e+00
204 208 212
4 18 791 -410.5900 110.1000 19 535 -410.8400 51.0000 20 507 -356.3700 53.7900 21 552 -286.3000 37.7200
-7.9414495281e+00 -3.8233956351e+00 4.6200605846e+00
162 169 181
8 18 567 344.6100 124.2500 19 543 377.2700 100.4700 17 467 219.9800 131.8200 20 807 449.7000 119.9400 88 253 -43.6100 -202.7200 16 635 127.0600 91.3100 91 385 239.1400 -242.4700 15 563 75.9200 106.7800
-1.1102859535e+01 -3.4559065756e+00 2.9263314062e+00
67 68 68
4 18 794 157.4700 134.9700 19 802 188.6400 102.5800 16 452 -18.1700 114.2800 15 569 -48.2400 134.7400
-2.2672460753e+01 -3.2540449535e+00 -2.2335848515e+00
251 251 250
7 18 249 -427.0900 113.6900 19 221 -429.4000 52.8900 17 319 -454.0000 134.5200 20 200 -377.0800 53.8000 16 457 -435.7400 134.4900 15 574 -399.5000 167.4300 87 227 -441.3900 -316.0500
-2.2003218552e+01 -2.8009415966e+00 -1.8334742183e+00
43 44 46
7 18 254 -398.0500 136.8100 19 226 -397.6100 79.0800 17 328 -430.7400 154.6800 20 122 -342.3000 83.3300 16 462 -416.6600 151.8400 15 584 -384.7200 184.2400 87 234 -402.4100 -281.2400
-2.1759567276e+01 -1.9734786477e+00 -1.4587944141e+00
173 182 190
8 18 406 -390.4400 177.9000 19 366 -388.5700 122.4400 17 485 -425.3200 192.3900 20 211 -330.4000 129.3300 16 658 -412.2200 185.9300 15 599 -381.1800 216.0700 21 238 -256.9500 115.1900 87 364 -390.6900 -216.3400
-2.3389985390e+01 -1.9497206214e+00 -2.2021276181e+00
26 26 30
8 18 267 -463.4800 173.7300 19 239 -470.8100 115.2700 17 339 -485.7600 189.0800 20 131 -421.4600 120.4200 16 470 -460.5200 186.3300 15 600 -421.0700 218.0200 21 161 -352.5800 105.2700 87 246 -484.4600 -217.4900
-2.3388953455e+01 -1.9543216896e+00 -2.1985490851e+00
26 26 30
7 18 268 -463.4800 173.7300 19 240 -470.8100 115.2700 17 340 -485.7600 189.0800 20 132 -421.4600 120.4200 16 471 -460.5200 186.3300 15 601 -421.0700 218.0200 87 247 -484.4600 -217.4900
-2.2258977579e+01 -1.4841794460e+00 -1.5179804639e+00
213 221 225
4 18 805 -414.8500 199.5000 19 810 -415.8400 143.8400 20 822 -359.1600 151.7500 21 895 -285.8000 137.9300
-2.4135578873e+01 -5.1785199809e+00 5.0209295968e+01
77 67 78
2 18 1915 313.9399 180.0500 19 3150 -469.0200 136.5600
-1.6373657899e+01 -2.5825029797e-02 1.8287093175e+00
253 255 255
8 18 1210 -129.1500 298.9100 19 1196 -103.7200 255.7600 17 1036 -210.4100 304.0800 20 1232 -19.7700 270.2800 16 979 -239.1200 280.9000 91 595 -491.0600 -31.3300 15 910 -241.1900 305.3600 87 496 -63.7600 -38.8600
-3.6908987261e+01 3.5258673357e+01 -1.0378462046e+02
204 198 187
5 18 1417 -485.4700 551.7100 19 1404 -701.5000 498.9399 17 1266 -302.5800 550.6801 16 1197 -66.5900 525.2700 15 1676 132.2000 554.2200
-2.3646208444e+01 -2.1205890025e+00 -2.3502317327e+00
252 251 249
6 18 1912 -474.5300 164.9600 19 1857 -482.6700 104.7000 20 1213 -435.2100 109.2200 15 2342 -425.8800 212.0400 21 3372 -366.4200 91.7300 87 956 -499.0400 -228.9600
-2.1406767873e+01 2.7560693195e+01 -6.9161326483e+01
94 90 81
5 18 7527 -305.0400 590.9399 19 3601 -489.7000 541.5500 17 6381 -155.4900 588.9100 16 4900 51.4300 558.0400 15 4722 228.7200 585.5601
-1.9875353512e+01 -3.1816091782e+00 -1.6165452545e+00
10 12 11
5 18 6 -295.8100 123.8600 19 6 -289.2400 71.2900 17 10 -342.7300 139.3400 20 4 -234.4500 78.0600 16 11 -339.3900 132.3500
-7.7735116139e+00 -3.4160933187e+00 4.6865335429e+00
166 177 183
4 18 23 353.5000 146.9400 19 21 384.3900 123.4900 17 19 229.4200 153.3100 16 20 135.9700 111.3000
-7.8786202387e+00 -3.6006827119e+00 4.7122664986e+00
161 173 189
7 18 162 349.7900 136.2100 19 138 381.4200 112.5000 17 135 223.5900 143.8600 20 133 454.3700 132.0000 88 46 -36.4500 -180.2100 16 135 130.3500 103.0700 91 86 244.1000 -223.2800
-7.9559240223e+00 -4.0967905394e+00 4.5135523372e+00
158 167 175
8 18 248 342.2500 109.6900 19 232 375.0800 86.0500 17 211 218.5000 116.9900 20 206 447.0800 106.5600 88 75 -46.1400 -232.2600 16 199 126.0400 77.3400 91 136 236.7000 -265.2100 86 119 -175.2200 -302.5300
-8.3830046816e+00 -3.5061004289e+00 4.4741730053e+00
169 181 189
9 18 163 318.0400 140.4300 19 140 351.3400 115.3000 17 213 194.5500 148.2600 20 135 425.0400 134.6000 88 79 -89.8300 -175.0700 16 204 105.4200 109.3100 91 138 202.0000 -222.3400 86 123 -209.8000 -248.3900 87 144 534.0699 -342.7100
1.1922103542e+01 1.6212304040e+01 -5.2485337038e+01
250 247 236
5 18 315 316.2200 476.6600 19 443 149.7400 437.1200 17 266 444.0300 481.3101 88 97 132.6800 428.8700 16 261 634.6600 431.3800
1.1832606884e+01 1.7113310761e+01 -5.2460911775e+01
252 253 245
5 18 320 313.8400 492.5800 19 449 146.4600 453.0701 17 271 442.0200 497.2500 88 101 127.8400 469.1200 16 264 633.3900 446.4700
-7.7643534719e+00 -3.9185645944e+00 4.6682897710e+00
125 129 126
6 18 388 355.0000 119.4100 19 355 387.1200 96.2500 17 314 229.4800 126.9900 88 110 -25.0700 -211.3400 16 294 135.6400 86.4200 91 202 253.3400 -248.2600
-7.5547718527e+00 -3.6137407559e+00 4.8438923114e+00
98 98 96
7 18 397 368.1600 136.4500 19 358 400.0000 113.5800 17 322 241.5800 143.6600 20 336 471.5900 133.2700 88 115 -2.3600 -179.5900 16 302 146.7000 102.0100 91 204 270.2100 -220.3700
-8.1443890520e+00 -3.3779563334e+00 4.6483652885e+00
132 137 135
8 18 399 333.5400 147.5000 19 364 366.6899 123.1600 17 326 209.0300 155.3400 20 340 440.4100 142.0100 88 118 -63.9600 -160.0000 16 305 117.7900 115.3600 91 208 222.0100 -208.5300 21 362 471.9000 136.0800
-8.1434029324e+00 -3.3779844653e+00 4.6444411743e+00
132 137 135
7 18 400 333.5400 147.5000 19 365 366.6899 123.1600 17 327 209.0300 155.3400 20 341 440.4100 142.0100 88 119 -63.9600 -160.0000 16 306 117.7900 115.3600 91 209 222.0100 -208.5300
-7.4267250084e+00 -3.2657157568e+00 4.9569695584e+00
237 238 240
6 18 580 376.3600 155.6600 19 807 407.5500 131.8700 17 477 249.2700 162.8600 88 185 10.2100 -143.6100 16 310 154.3700 121.0900 91 587 279.0800 -191.5500
-7.7936545227e+00 -3.2711386959e+00 4.8335743179e+00
121 125 125
7 18 401 354.6700 154.6300 19 370 387.2200 130.4200 17 329 228.7400 161.8500 20 342 460.1300 149.5200 88 121 -26.7400 -146.8200 16 311 135.2300 120.9300 91 210 250.9000 -195.4800
-2.3478686482e+01 -3.4901964876e+00 -2.4336783403e+00
129 122 116
4 18 387 -463.0200 101.1500 19 217 -467.9800 38.7700 17 313 -485.3000 122.9800 16 454 -462.3400 124.9400
1.5135722517e+01 1.3791649072e+01 -4.7557539004e+01
211 209 122
5 18 923 409.1600 451.5900 19 903 244.2700 415.1700 17 813 533.4000 456.5300 88 222 337.9200 371.7800 16 524 721.5800 402.7700
-7.4085224903e+00 -4.7538025429e+00 4.5818433669e+00
46 49 55
8 18 559 372.8900 75.3300 19 536 404.6000 54.0800 17 462 248.3400 83.2000 20 508 473.4399 75.2900 88 251 9.9900 -292.4500 16 630 152.5100 42.2600 91 279 281.8500 -312.4900 21 878 498.6801 74.0300
-6.8037971299e+00 -3.5689585849e+00 5.1302074418e+00
41 48 54
5 18 574 411.9399 140.2400 19 552 441.5000 118.2500 17 703 283.7000 147.6000 88 258 75.8700 -170.1900 16 637 185.3500 103.7000
-2.2728754234e+01 -3.0210820330e+00 -2.1934186888e+00
205 206 208
4 18 565 -430.2400 124.7800 19 349 -433.2100 66.4800 17 474 -457.1100 143.6100 16 646 -438.1800 141.8800
-7.9863930483e+00 -2.6321434654e+00 4.8440367619e+00
186 199 211
5 18 803 343.8199 188.9800 19 814 375.4301 163.5900 17 720 217.9800 195.0100 20 824 449.1000 181.8800 16 652 126.7400 154.2900
1.7113212553e+01 1.3417314399e+01 -4.6081701386e+01
111 113 61
5 18 922 457.0100 450.7000 19 901 290.9500 415.4400 17 812 581.8101 455.5400 88 221 444.9900 368.8800 16 747 772.7500 400.3400
1.4510033074e+01 1.4352745872e+01 -4.8721861939e+01
101 85 54
5 18 1361 389.1400 457.4299 19 1341 223.4100 420.7800 17 1204 513.8500 462.2000 88 324 293.5800 385.2500 16 750 702.8700 409.3100
1.5691830775e+01 1.0814616096e+01 -4.3115223753e+01
184 183 127
5 18 1288 456.6899 410.7400 19 1257 296.6200 377.3600 17 1143 574.8300 414.8200 88 411 437.7500 280.1000 16 1030 755.8101 357.7200
1.2461201704e+01 1.1754122008e+01 -4.5632594649e+01
206 197 101
6 18 1296 374.7600 419.9400 19 1269 216.4200 384.0400 17 1151 493.1000 423.5300 20 2069 83.2600 387.2900 88 417 255.4100 300.0100 16 1054 671.9200 369.8500
1.7172004742e+01 1.2520524854e+01 -4.4873612413e+01
113 110 57
6 18 2110 468.4800 438.3600 19 2051 303.7800 403.8500 17 1816 591.7800 442.9600 88 441 469.1000 341.1600 16 1080 780.5100 386.5300 91 657 -488.2800 157.2900
1.4651925792e+01 1.5311557755e+01 -5.0063946142e+01
248 247 141
4 18 2191 380.9700 469.9900 19 2107 214.2800 432.6000 17 1875 508.5601 474.7200 16 1124 700.1000 422.4500
-1.0016813999e+01 -2.0090797885e+00 4.3465405518e+00
187 207 212
10 18 1921 229.4100 218.1500 19 1872 264.7700 187.7600 17 1621 108.4600 224.5900 20 3365 346.9100 204.7800 88 531 -254.3200 -34.1900 16 1451 28.0500 188.7300 91 1154 74.2800 -115.2700 21 3393 392.7100 194.5900 86 596 -346.9300 -110.0700 87 698 396.7500 -200.7600
-2.0843411687e+01 -9.9404289172e-01 -3.6576731078e-01
168 190 206
5 18 1923 -351.8600 230.8500 19 1869 -343.3200 179.0300 17 1623 -397.6300 241.2200 16 1464 -392.6600 230.0300 87 963 -350.0900 -131.9200
1.1594281439e+01 1.4335760034e+01 -4.9619752501e+01
139 145 80
6 18 1354 329.7700 453.6500 19 1325 167.2700 415.9800 17 1842 453.0900 457.7000 20 1365 28.8100 418.5500 88 453 158.4900 377.0600 16 1621 638.2500 406.4600
1.1652835898e+01 1.1564320700e+01 -4.5457983436e+01
232 224 138
5 18 3689 361.1400 416.6200 19 3351 203.8200 380.5400 17 3012 478.1600 420.0900 88 858 223.2100 293.2800 16 2495 654.4301 366.7300
1.2023879565e+01 1.1536445678e+01 -4.5245930825e+01
151 136 38
6 18 3693 369.8101 416.9400 19 3353 211.9700 381.0900 17 3014 486.8700 420.6300 20 3518 79.3200 384.5500 88 861 242.5300 294.0300 16 2498 663.4301 366.8900
1.4089243489e+01 1.4280796924e+01 -4.8859493074e+01
152 140 72
6 18 7293 380.1700 455.6500 19 6209 215.5800 418.7300 17 3151 505.0900 460.1300 20 6621 76.0200 421.3700 88 985 274.3199 381.3100 16 2610 693.0900 407.3700
1.1711617696e+01 1.5735275492e+01 -5.2250818979e+01
245 228 179
5 18 7355 314.3900 468.4399 19 6234 148.6700 429.5200 17 6153 441.5400 472.8199 88 1018 127.7600 411.8200 16 2641 631.0000 422.6900
1.0660441644e+01 1.6025740631e+01 -5.2662314221e+01
217 214 147
5 18 3950 293.2300 472.1500 19 3530 127.4800 433.2400 17 3182 419.9700 476.4100 88 699 78.8800 420.3400 16 2652 608.6200 426.8201
1.1106993816e+01 1.9469445259e+01 -5.1810479585e+01
236 214 164
5 18 4050 303.0601 539.6400 19 3590 134.7500 498.8800 17 3273 430.6700 544.6899 88 734 100.2500 574.4100 16 2729 623.9700 497.4100
1.1144870872e+01 2.0718457358e+01 -5.1528934930e+01
253 251 230
4 18 7508 304.5601 564.2400 19 6344 135.3400 523.2000 17 6351 432.4399 569.8101 16 2768 627.2500 523.3800
1.7202224445e+01 1.2129550183e+01 -4.4422614879e+01
244 228 137
6 18 3767 472.7700 432.2500 19 6128 308.7100 398.1200 17 5934 595.8600 437.1600 88 915 478.5900 328.0100 16 4490 783.9500 380.2900 91 1253 -474.0300 145.7000
-3.1612310174e+00 2.7361015104e+01 -8.5544041443e+01
253 251 237
5 18 7470 -40.7800 520.5601 19 6323 -228.8300 473.5200 17 6279 116.0200 523.7400 16 4761 332.8400 485.3000 86 1135 615.2400 512.0400
1.0983104720e+01 2.0632895081e+01 -5.1471675567e+01
132 121 89
4 18 7507 302.0300 562.9399 19 6343 133.1400 521.5900 17 6348 429.7400 568.6899 16 4836 624.1100 522.2600
-7.7234487106e+00 -3.4282411645e+00 4.6646742123e+00
166 177 183
5 18 24 353.5000 146.9400 19 22 384.3900 123.4900 17 20 229.4200 153.3100 88 6 -20.9000 -165.5200 91 13 249.4800 -209.1000
-2.2724490459e+01 -2.3172220430e+00 -1.8712301734e+00
179 190 200
3 18 18 -434.1600 157.9900 19 17 -435.4000 101.8900 17 21 -461.1300 173.7000
2.9971692618e+01 2.4885327966e+01 -6.5259708488e+01
191 190 180
4 18 86 515.5699 564.6000 19 80 320.2300 524.3400 17 86 677.4200 575.3800 20 77 153.8100 523.8199
-1.7104135379e+01 8.6877770339e-01 1.4530840334e+00
166 202 238
3 18 178 -169.7800 341.2600 19 155 -148.4000 298.1100 17 149 -242.9300 342.6000
2.3678763376e+01 1.2385426154e+01 -4.1744177985e+01
179 186 105
4 18 194 618.5100 448.5200 19 171 444.9399 416.3600 17 173 750.3000 454.9600 20 249 301.9800 419.2200
-7.9638708147e+00 -4.5985123508e+00 4.3222032231e+00
221 227 228
6 18 239 339.0400 81.9700 19 222 371.3400 58.7600 17 208 217.4100 91.7000 88 70 -48.4800 -278.7500 91 195 232.6100 -309.5600 21 341 473.0200 76.1000
-1.0776387378e+01 4.7083265834e-01 3.8155971036e+00
215 234 251
4 18 278 175.9400 347.0000 19 266 204.3700 312.0900 17 228 64.3000 349.7300 88 88 -345.9600 194.5100
2.2858969666e+01 9.6353447567e+00 -3.8402441085e+01
151 151 73
3 18 297 640.3700 405.5400 19 283 471.4800 375.6300 17 250 766.0800 411.1300
1.2820392269e+01 2.7021494997e+01 -7.5344867244e+01
199 196 183
4 18 333 211.5300 555.9700 19 307 24.9200 512.7500 17 282 364.5200 560.9301 20 265 -140.6800 516.0900
1.2845544463e+01 2.7053815600e+01 -7.5440925893e+01
199 196 183
3 18 334 211.5300 555.9700 19 308 24.9200 512.7500 17 283 364.5200 560.9301
-8.3004212240e+00 -3.8979204294e+00 4.4167601318e+00
159 168 175
4 18 389 322.5900 119.1100 19 353 355.7200 94.5000 17 316 199.7900 127.1400 88 112 -81.6500 -212.9800
-8.1255865777e+00 -3.7745568148e+00 4.5516218154e+00
127 128 127
6 18 393 333.8300 126.0800 19 357 366.9500 101.9200 17 318 209.9300 133.9700 20 331 440.0699 121.4900 88 114 -62.8100 -199.0900 91 203 223.8500 -240.9900
-2.3033152399e+01 -2.5920185128e+00 -2.1559998078e+00
180 189 193
5 18 258 -445.6100 143.9300 19 230 -450.0100 84.6400 17 333 -470.7700 162.2400 20 202 -399.0100 88.0100 87 238 -464.9200 -264.3500
-2.3343968280e+01 -2.4906042374e+00 -2.2950725329e+00
27 28 28
4 18 259 -459.5900 147.3500 19 233 -466.3200 87.2600 17 334 -482.0700 165.9500 87 242 -481.9100 -256.4500
-2.3058396237e+01 -1.5186222647e+00 -1.9544847252e+00
19 19 25
4 18 272 -450.6800 195.2100 19 252 -456.1800 138.0800 17 346 -475.5200 207.8100 20 138 -404.5100 144.9000
2.4202701796e+01 1.1540602507e+01 -4.0343996095e+01
124 116 69
4 18 640 643.6899 437.2000 19 621 469.8101 406.3300 17 383 775.0200 443.5300 20 602 327.6899 409.2600
1.7923612032e+01 1.3084408276e+01 -4.5283645650e+01
204 210 124
3 18 463 478.4900 447.6799 19 429 312.1899 412.5000 17 385 603.8400 452.7300
-7.9365579866e+00 -3.8223165577e+00 4.6150998647e+00
162 169 181
5 18 566 344.6100 124.2500 19 542 377.2700 100.4700 17 466 219.9800 131.8200 20 806 449.7000 119.9400 91 384 239.1400 -242.4700
-7.6875818089e+00 -3.7416543444e+00 4.7476514631e+00
162 170 181
6 18 568 359.7200 129.1300 19 547 391.9100 106.0600 17 468 233.9600 136.4700 20 517 463.4500 125.8000 88 254 -16.6100 -193.4700 91 388 259.4399 -232.3200
-3.0332269140e+00 -3.7918696004e+00 4.8161744000e+00
45 49 51
3 18 396 591.7500 134.7200 19 243 597.0200 119.8900 17 470 477.7400 138.8000
-2.3882547136e+01 -3.0703258352e+00 -2.5490969375e+00
138 136 131
3 18 391 -482.1000 119.8100 19 347 -489.9400 57.6500 17 472 -501.1600 139.8400
-8.1160077345e+00 -3.5821117569e+00 4.6269517286e+00
166 176 185
5 18 571 335.4000 136.9300 19 549 368.3400 112.4300 17 473 210.5100 144.4000 20 812 441.5699 131.4700 88 256 -60.8400 -180.0300
-2.5354711121e+01 -1.7575762169e+00 -2.9912787122e+00
107 116 118
3 18 407 -550.4900 176.3600 19 241 -568.1400 114.2900 17 486 -557.7800 192.6700
-2.4987470452e+01 -1.6609231498e+00 -2.6711438522e+00
72 76 75
4 18 410 -536.2200 182.3300 19 363 -551.0900 120.4200 17 487 -547.1200 198.8000 20 333 -509.6000 125.1300
-2.2793819825e+01 -1.4665939036e+00 -1.7682264715e+00
253 254 251
3 18 412 -439.2500 198.7600 19 375 -442.8600 141.0500 17 491 -466.6100 213.2900
2.1380920405e+01 9.2082550780e+00 -3.8774571080e+01
202 206 121
3 18 610 607.7300 395.1900 19 590 442.6000 365.4900 17 520 730.8000 399.0600
1.9931953605e+01 9.8895421912e+00 -4.0209670369e+01
122 131 88
4 18 621 565.0200 403.9200 19 863 400.6700 373.0000 17 534 686.5400 408.0000 88 202 678.0200 263.3100
2.1026054566e+01 1.0983512442e+01 -4.1104410497e+01
192 187 128
4 18 633 575.8500 422.8400 19 881 408.8101 390.9800 17 546 701.1300 427.8101 88 209 706.1700 305.8900
2.1903110594e+01 1.1122220142e+01 -4.0938766801e+01
158 174 85
5 18 634 594.2700 426.2500 19 612 424.9000 394.6900 17 549 721.2600 431.8800 20 585 286.1300 397.5100 88 148 746.9500 313.9300
2.3710430920e+01 1.1325823770e+01 -4.0420498465e+01
218 215 141
4 18 639 633.5699 432.8700 19 884 461.7000 400.8200 17 554 763.8199 438.8900 20 596 319.2700 404.6800
2.2514742857e+01 1.2120569707e+01 -4.2012421126e+01
119 127 78
4 18 641 594.3400 442.0100 19 628 422.9000 409.7800 17 556 724.2700 447.9200 88 153 749.6500 349.0600
1.4839007081e+01 1.3191240319e+01 -4.6629858443e+01
100 106 57
4 18 644 410.8800 444.1000 19 626 247.4301 408.3800 17 557 533.0601 448.3800 88 219 340.8400 354.2300
2.4309079386e+01 1.2516321646e+01 -4.1439998957e+01
200 198 118
4 18 649 633.3000 452.5500 19 906 458.2900 420.6400 17 564 766.3500 458.8500 20 921 314.8900 423.2300
2.4309079386e+01 1.2516321646e+01 -4.1439998957e+01
200 198 118
4 18 650 633.3000 452.5500 19 907 458.2900 420.6400 17 565 766.3500 458.8500 20 922 314.8900 423.2300
2.2441348639e+01 1.3664112904e+01 -4.4220458185e+01
188 186 116
3 18 658 570.4399 463.3600 19 648 397.1200 429.7100 17 573 702.4800 469.7100
-2.0455898472e+01 -4.4824872000e+00 -1.4275955297e-01
198 176 165
4 18 787 -325.1400 60.9200 19 794 -306.1100 4.6500 17 697 -378.9100 83.4100 20 800 -231.0700 8.7100
-1.1087882915e+01 -3.4491501053e+00 2.8816801469e+00
67 68 68
3 18 795 157.4700 134.9700 19 803 188.6400 102.5800 17 702 50.9900 145.2100
-2.3156009214e+01 -2.7001238390e+00 -2.2616648121e+00
174 183 187
5 18 573 -450.5800 138.9500 19 538 -455.7000 78.7900 17 709 -474.8600 158.2200 20 319 -405.2700 81.7900 21 338 -336.9500 64.9400
-4.4848218056e+00 -1.8655973452e+00 6.2614225262e+00
187 171 189
3 18 1206 552.9900 242.1600 19 1193 571.8900 221.8100 17 726 420.1600 245.6100
2.1851083100e+01 9.2723632056e+00 -3.8695590806e+01
113 118 63
3 18 849 618.0000 396.8200 19 857 451.3400 367.7000 17 762 741.5100 400.5800
2.1851083100e+01 9.2723632056e+00 -3.8695590806e+01
113 118 63
3 18 850 618.0000 396.8200 19 858 451.3400 367.7000 17 763 741.5100 400.5800
2.3903543677e+01 1.0373892682e+01 -3.9338734589e+01
217 211 138
3 18 874 649.5300 417.3200 19 1273 477.9200 387.6100 17 787 779.0100 422.7700
2.4402513691e+01 1.0836705344e+01 -4.0089744618e+01
77 63 54
4 18 882 650.6600 423.8600 19 1282 476.8300 393.5700 17 792 782.0500 429.5800 20 1317 335.5100 396.8400
2.3162288614e+01 1.1006942340e+01 -4.0375454625e+01
230 219 164
4 18 883 624.2000 426.1400 19 1290 452.6400 395.5400 17 793 752.8300 431.6100 20 1321 312.3199 398.6200
2.4645749631e+01 1.1232082479e+01 -3.9863882235e+01
89 91 57
3 18 899 657.4399 433.0601 19 887 483.1300 402.4600 17 796 789.2900 439.2500
2.3275596153e+01 1.1734551587e+01 -4.1405911894e+01
228 219 132
4 18 904 614.9399 436.8400 19 890 442.5699 405.1800 17 801 745.3101 442.6400 20 1345 301.0200 408.1600
-2.5816068582e+01 3.2838632430e+01 -9.7700261241e+01
200 196 185
4 18 694 -350.5900 545.6700 19 679 -554.1200 494.0900 17 866 -178.6700 545.4900 20 660 -759.4600 505.0800
-1.5685230873e+01 -3.1832681625e-02 2.1231081347e+00
80 105 134
6 18 812 -92.1400 301.9100 19 818 -64.4900 260.2100 17 1037 -178.3500 306.2700 20 831 20.6000 275.2600 91 288 -430.8400 -22.8000 21 910 96.5700 262.4500
2.3061769089e+01 9.0687771933e+00 -3.7990293328e+01
213 212 138
3 18 2015 649.2600 395.2400 19 3294 480.6500 366.4500 17 1106 774.7600 399.8300
2.0836995364e+01 1.1236012882e+01 -4.1529638209e+01
211 207 135
5 18 1310 568.0300 425.8101 19 1287 400.4800 394.4900 17 1162 693.5000 430.9100 20 2107 262.4200 398.9000 88 422 689.1801 313.1500
2.1545293817e+01 1.1343194333e+01 -4.1430760735e+01
229 223 139
4 18 2082 582.5100 428.4900 19 2025 413.6100 396.5000 17 1168 709.1400 433.9800 88 430 721.3800 319.6000
2.1153332314e+01 1.3092037730e+01 -4.3947845892e+01
232 236 138
4 18 1352 549.6100 453.2400 19 1337 379.2300 419.7600 17 1196 678.7400 459.2200 88 323 653.4600 374.0900
1.2862916866e+01 1.4291327639e+01 -4.8888854071e+01
168 189 85
4 18 2155 357.8500 455.9200 19 2082 194.0900 418.3900 17 1197 481.3800 460.1400 88 457 222.1100 381.4800
2.2654097219e+01 1.3416962341e+01 -4.3922821518e+01
218 219 115
4 18 1363 577.4800 459.7200 19 1358 403.9100 426.3400 17 1212 709.5000 466.1799 88 460 716.3000 388.4100
2.4106604781e+01 1.3434582286e+01 -4.3298279661e+01
227 218 159
3 18 1370 609.8500 462.6899 19 1361 434.3101 429.8201 17 1223 744.4800 469.7200
-1.6788607589e+01 3.8015487714e+00 8.4202657775e-01
177 202 218
4 18 946 -160.7300 482.8101 19 918 -152.6300 440.9500 17 1230 -226.6000 476.2700 20 640 -82.0900 459.9700
-7.0968128024e+00 -4.2569896292e+00 4.7675467280e+00
20 19 27
4 18 1182 391.0200 102.6200 19 1172 421.3800 82.2900 17 1596 265.4700 108.8600 88 516 42.1100 -241.6800
-8.5382045109e+00 -4.2391575240e+00 4.1553477558e+00
250 248 236
6 18 1888 306.8101 100.1000 19 3131 339.7900 75.1700 17 1597 186.6100 109.1900 20 3344 413.0300 94.1300 88 515 -108.9700 -248.4400 21 5880 445.6100 90.4500
-2.1169114034e+01 -2.8376768580e+00 -1.2929437367e+00
105 106 106
5 18 1193 -360.5100 138.1000 19 1173 -354.7700 82.4100 17 1608 -400.3300 155.2900 20 1208 -293.3100 88.1000 21 1320 -219.5600 73.5300
-6.9833009303e+00 -3.2349503471e+00 5.0691187861e+00
27 31 47
5 18 1194 401.2300 158.7300 19 1183 430.5500 136.7900 17 1612 273.8000 164.1800 20 823 499.1400 156.6100 88 359 54.9900 -139.8500
-7.4386298186e+00 -2.7105990669e+00 5.0244640443e+00
28 29 36
3 18 1199 375.7100 186.1300 19 1187 405.8800 162.1100 17 1617 248.3600 192.0800
-1.0951920372e+01 -1.9062504582e+00 3.8593710591e+00
231 240 240
7 18 1922 173.3600 219.6700 19 1871 208.5200 187.2200 17 1622 57.9100 226.4100 20 1967 291.6000 203.2900 88 532 -353.5000 -32.2500 91 838 -10.0300 -120.0900 21 3392 343.8000 193.2500
1.8293278767e+01 1.0305566772e+01 -4.1580536149e+01
231 223 152
4 18 3653 520.1700 406.8100 19 3327 357.5200 374.8800 17 1739 640.4000 410.6800 88 582 579.6300 270.4500
1.8028213656e+01 1.0355470322e+01 -4.1727998783e+01
212 208 138
4 18 2043 513.7400 407.2900 19 1967 351.3600 374.9700 17 1742 633.8101 411.2200 88 584 565.1600 271.4200
1.7162787610e+01 1.2515944914e+01 -4.4857997315e+01
113 110 57
5 18 2111 468.4800 438.3600 19 2052 303.7800 403.8500 17 1817 591.7800 442.9600 88 442 469.1000 341.1600 91 658 -488.2800 157.2900
2.2867899573e+01 1.2443290765e+01 -4.2094322192e+01
220 215 138
5 18 3837 599.6600 448.5400 19 2073 427.1100 415.6800 17 1833 730.4200 454.5200 20 3654 285.8500 418.4200 88 657 762.5400 362.6700
2.3772888976e+01 1.2584093596e+01 -4.1945941955e+01
137 142 73
3 18 2144 617.9800 451.7200 19 2086 443.9700 419.5300 17 1843 750.3800 458.2100
2.3772888976e+01 1.2584093596e+01 -4.1945941955e+01
137 142 73
3 18 2145 617.9800 451.7200 19 2087 443.9700 419.5300 17 1844 750.3800 458.2100
2.0578624054e+01 1.3348192924e+01 -4.4645224091e+01
226 213 139
5 18 2151 532.8101 455.2500 19 2093 362.2100 421.1300 17 1849 661.7500 461.4000 20 2183 221.3300 424.2400 88 664 615.9200 378.8300
2.0472371217e+01 1.3666074304e+01 -4.5011442401e+01
112 121 60
4 18 3899 527.2300 460.0000 19 3508 356.7400 425.7800 17 1859 656.3900 465.9600 88 675 604.3300 389.3400
2.2932387267e+01 1.3632430647e+01 -4.4046800434e+01
161 156 89
4 18 2168 581.0000 463.4200 19 3518 407.0800 429.9000 17 1865 714.0000 470.1400 88 682 725.1700 396.6500
1.8501447116e+01 1.4540941685e+01 -4.7128879131e+01
110 105 63
4 18 2181 472.8300 467.8800 19 2105 303.4200 432.4100 17 1873 601.3800 473.2900 88 477 484.3000 407.5900
1.4650929077e+01 1.5311299284e+01 -5.0061479359e+01
248 247 141
3 18 2190 380.9700 469.9900 19 2106 214.2800 432.6000 17 1874 508.5601 474.7200
