# Bundle file v0.3
110 7938
0 0 0
0 0 0
0 0 0
0 0 0
0 0 0
0 0 0
0 0 0
0 0 0
0 0 0
0 0 0
1.6531403135e+03 -1.2446220777e-01 1.4443553474e-01
-6.5730989804e-01 1.2800880692e-01 -7.4266913447e-01
-2.8688079880e-01 8.6877172967e-01 4.0365218816e-01
6.9688098354e-01 4.7838209318e-01 -5.3432898827e-01
-1.1422042345e+01 4.8879193293e+00 -3.6969158777e+01
1.6607461431e+03 -1.2924448770e-01 1.3244791036e-01
-5.0213693287e-01 1.4918477432e-01 -8.5182298851e-01
-2.9426914254e-01 8.9675072956e-01 3.3052049978e-01
8.1318151258e-01 4.1663177044e-01 -4.0639118527e-01
-9.6829002690e+00 4.1458708344e+00 -3.8590325383e+01
1.6645583645e+03 -1.4500232036e-01 1.6735211073e-01
-3.4193752249e-01 1.8061038018e-01 -9.2220313450e-01
-3.2271252779e-01 8.9910648347e-01 2.9574339516e-01
8.8257314435e-01 3.9873226851e-01 -2.4915301108e-01
-8.6638994074e+00 6.1670975787e+00 -4.2171156388e+01
1.6641520371e+03 -1.5583710277e-01 2.0590540498e-01
-2.0181029803e-01 1.8862114185e-01 -9.6109035395e-01
-3.2997153044e-01 9.1082024821e-01 2.4804286835e-01
9.2216668380e-01 3.6719006017e-01 -1.2157329890e-01
-7.7559841908e+00 5.9119321632e+00 -3.8598877021e+01
1.6631029602e+03 -1.4873064188e-01 1.6745759780e-01
-9.5101953761e-02 2.1307035029e-01 -9.7239736950e-01
-3.2501744863e-01 9.1664690479e-01 2.3264159135e-01
9.4091406434e-01 3.3817078195e-01 -1.7923329923e-02
-5.8577662556e+00 4.8529307843e+00 -3.4233945829e+01
1.6642718878e+03 -1.6043907569e-01 1.9609027468e-01
-2.6130569817e-02 2.2216508341e-01 -9.7465884751e-01
-3.1461936050e-01 9.2361721519e-01 2.1896551738e-01
9.4885818293e-01 3.1236823705e-01 4.5762792342e-02
-2.5530270822e+00 4.1523050263e+00 -3.1815531731e+01
1.6633319376e+03 -1.5851617935e-01 1.9405261425e-01
9.7229299456e-02 2.4292960570e-01 -9.6515888329e-01
-3.2037332381e-01 9.2577704873e-01 2.0074309312e-01
9.4228838299e-01 2.8969304913e-01 1.6784081913e-01
-4.8031230864e-01 3.7573180173e+00 -2.8797348016e+01
1.6638282243e+03 -1.5855672072e-01 1.8959212249e-01
2.4532961329e-01 2.0671728237e-01 -9.4714378318e-01
-2.7647954444e-01 9.5134510989e-01 1.3602037862e-01
9.2917836950e-01 2.2849605481e-01 2.9054622797e-01
1.2430345678e+00 2.4957427111e+00 -2.6633256404e+01
1.6648468864e+03 -1.6155806907e-01 1.9575097960e-01
3.9420618491e-01 1.9983111244e-01 -8.9703344992e-01
-2.6729163230e-01 9.5880874583e-01 9.6129975618e-02
8.7929327706e-01 2.0187450412e-01 4.3138152199e-01
3.3027921444e+00 2.6821338612e+00 -2.5297824130e+01
1.6657002908e+03 -1.6392674743e-01 2.1147161636e-01
5.7575592853e-01 2.1442079087e-01 -7.8900496526e-01
-2.7908714568e-01 9.5858156391e-01 5.6848486787e-02
7.6851511103e-01 1.8747029039e-01 6.1175110490e-01
4.0250477398e+00 3.3812820879e+00 -2.4479052468e+01
1.6640756802e+03 -1.3836724755e-01 1.5184395867e-01
7.1599189342e-01 1.6506444412e-01 -6.7831359845e-01
-2.2320532556e-01 9.7477013501e-01 1.6020419088e-03
6.6146427810e-01 1.5025615855e-01 7.3477077760e-01
5.7758359303e+00 4.1002562118e+00 -2.5460254388e+01
1.6721563479e+03 -1.7418717852e-01 2.2904560145e-01
8.1503583839e-01 1.4531853653e-01 -5.6089134874e-01
-1.7692995902e-01 9.8422120156e-01 -2.1014281360e-03
5.5173578074e-01 1.0095122259e-01 8.2788675488e-01
7.5901894000e+00 4.4139812894e+00 -2.7579181599e+01
1.6663430631e+03 -1.4488598597e-01 1.5712760089e-01
9.1648076650e-01 1.0265204977e-01 -3.8668535182e-01
-1.1727803187e-01 9.9299539684e-01 -1.4352877907e-02
3.8250342204e-01 5.8503833558e-02 9.2210001279e-01
8.0322885978e+00 4.4718348629e+00 -2.8910513162e+01
1.6674115143e+03 -1.5119319660e-01 1.7882211019e-01
9.4802948937e-01 8.8754826193e-02 -3.0555305286e-01
-1.0136030908e-01 9.9452018735e-01 -2.5606341053e-02
3.0160599303e-01 5.5246518310e-02 9.5183068199e-01
1.1541037557e+01 5.0349580435e+00 -3.0120178715e+01
1.6672536376e+03 -1.5531428721e-01 2.0002428475e-01
9.8527210520e-01 5.3624480102e-02 -1.6236777340e-01
-5.7523012665e-02 9.9815563385e-01 -1.9401897268e-02
1.6102789112e-01 2.8456031652e-02 9.8653954434e-01
1.2165023900e+01 5.1731875533e+00 -3.1983153520e+01
1.6638998384e+03 -1.4043497380e-01 1.6081454709e-01
9.9984102344e-01 -1.6820158577e-02 5.9169349826e-03
1.7045950679e-02 9.9903650577e-01 -4.0441262408e-02
-5.2310056031e-03 4.0535692977e-02 9.9916439797e-01
1.3036478279e+01 6.6334444783e+00 -3.3043683219e+01
1.6631421557e+03 -1.3850369636e-01 1.5417293494e-01
9.8817876680e-01 -4.1241175323e-02 1.4765463181e-01
4.6900267044e-02 9.9828442876e-01 -3.5050880815e-02
-1.4595578025e-01 4.1561577842e-02 9.8841769787e-01
1.4407398266e+01 6.7021199448e+00 -3.3559382481e+01
1.6648857213e+03 -1.6249665390e-01 2.1271315007e-01
9.5368552449e-01 -9.0082720307e-02 2.8700004161e-01
9.3513697076e-02 9.9561643726e-01 1.7602011691e-03
-2.8590052263e-01 2.5159756577e-02 9.5792895238e-01
1.4145116219e+01 6.6229384357e+00 -3.5578799924e+01
1.6595461291e+03 -1.4743897585e-01 1.6943060680e-01
8.9809252793e-01 -1.1292815232e-01 4.2506122346e-01
1.1886057645e-01 9.9283055735e-01 1.2635179423e-02
-4.2344063886e-01 3.9175461820e-02 9.0507641034e-01
1.4559990008e+01 7.2183495366e+00 -3.7234880492e+01
1.6492053809e+03 -1.4100078293e-01 1.5068367656e-01
8.0443933254e-01 -1.3234439044e-01 5.7910475959e-01
1.3474195385e-01 9.9010893815e-01 3.9101105795e-02
-5.7855161061e-01 4.6575239344e-02 8.1431491509e-01
1.4197080009e+01 7.3183128631e+00 -4.0116854719e+01
1.6349694041e+03 -1.1316950355e-01 7.2963804012e-02
6.7777913880e-01 -1.9160983019e-01 7.0985992420e-01
2.0940749302e-01 9.7576823392e-01 6.3441749265e-02
-7.0481482737e-01 1.0565049294e-01 7.0147988743e-01
1.2371007152e+01 1.0106331236e+01 -4.3546479223e+01
1.6486035271e+03 -5.2516221809e-02 5.8361251961e-02
5.4077930203e-01 -2.5139140063e-01 8.0272044336e-01
2.2991435093e-01 9.6213247708e-01 1.4642570742e-01
-8.0913357224e-01 1.0537295785e-01 5.7809982012e-01
1.1024716023e+01 1.0220647698e+01 -4.7484154825e+01
1.6515323304e+03 1.0499631042e-01 -2.8026070102e-01
3.9983154259e-01 -2.4602707392e-01 8.8295266943e-01
2.2736792158e-01 9.5981698850e-01 1.6448457928e-01
-8.8794063190e-01 1.3498899023e-01 4.3970377157e-01
8.8936567010e+00 1.0651607462e+01 -5.1116262761e+01
2.8922637679e+03 -5.7941647007e-01 6.8938224692e-01
-3.1085333978e-01 2.9988731606e-01 -9.0190786603e-01
-1.5999516079e-01 9.1886784389e-01 3.6067081112e-01
9.3689473778e-01 2.5641662024e-01 -2.3765261873e-01
-6.0296020442e+00 3.8762661997e+00 -4.5963746842e+01
9.0722027717e+02 -3.0612105478e-01 2.9765879456e-01
1.3708428477e-01 2.7066819185e-01 -9.5286233465e-01
-2.4667405019e-01 9.4096759018e-01 2.3180143915e-01
9.5935385121e-01 2.0327007686e-01 1.9575868823e-01
-4.1227731572e+00 3.0050639820e+00 -1.3710351292e+01
1.3969182746e+03 -2.5239060954e-01 4.9799413951e-02
7.4819794854e-02 2.0486628079e-01 -9.7592612697e-01
-2.4547341976e-01 9.5233780411e-01 1.8109529829e-01
9.6651166495e-01 2.2601441075e-01 1.2154294567e-01
-1.5034750497e+00 3.3742271104e+00 -2.1134282150e+01
1.4962796312e+03 -4.1493470335e-01 3.7096139829e-03
1.9938101916e-01 2.3958640024e-01 -9.5018185944e-01
-2.1873105916e-01 9.5606706036e-01 1.9517299982e-01
9.5519837362e-01 1.6892049289e-01 2.4302661196e-01
1.7878972058e+00 2.8934159947e+00 -2.2079532721e+01
1.5109978555e+03 -5.8471789513e-02 -8.2940256150e-02
3.1182197329e-01 2.4885397857e-01 -9.1697260282e-01
-1.8895107231e-01 9.6205683711e-01 1.9683529775e-01
9.3116300896e-01 1.1188538562e-01 3.4701168746e-01
3.8440693830e+00 2.8548043901e+00 -2.1561191997e+01
6.6161958845e+03 -1.5803820328e-02 -6.7586374635e-04
5.0045741177e-01 1.9398592040e-01 -8.4374868397e-01
-9.8812597730e-02 9.8100429858e-01 1.6693303058e-01
8.6010374347e-01 -1.6987312891e-04 5.1011912492e-01
4.2392694292e+00 2.8987308262e+00 -9.7543933841e+01
2.1423798814e+03 -2.7879245947e-02 5.3769014502e-03
7.8681056555e-01 1.1753614746e-01 -6.0589965175e-01
-9.5897059188e-02 9.9305834183e-01 6.8109351455e-02
6.0969901426e-01 4.5148374286e-03 7.9262016645e-01
5.5566267285e+00 3.3631959508e+00 -3.1166143494e+01
1.3171592928e+03 -1.1823318993e-01 -5.6956390398e-03
8.4356188845e-01 7.5820940384e-02 -5.3165263598e-01
-8.8541563534e-02 9.9607125146e-01 1.5663807103e-03
5.2968267092e-01 4.5752016577e-02 8.4696105052e-01
7.7394046299e+00 2.9893487805e+00 -1.7983811825e+01
0 0 0
0 0 0
0 0 0
0 0 0
0 0 0
0 0 0
0 0 0
0 0 0
0 0 0
0 0 0
0 0 0
0 0 0
0 0 0
0 0 0
0 0 0
0 0 0
0 0 0
0 0 0
0 0 0
0 0 0
0 0 0
0 0 0
0 0 0
0 0 0
0 0 0
0 0 0
0 0 0
0 0 0
0 0 0
0 0 0
0 0 0
0 0 0
0 0 0
0 0 0
0 0 0
0 0 0
0 0 0
0 0 0
0 0 0
0 0 0
1.6577491353e+03 -1.4251612412e-01 1.6856513492e-01
-6.0579046059e-02 2.3334378171e-01 -9.7050546558e-01
-3.6424753459e-01 9.0007386882e-01 2.3914590569e-01
9.2932981913e-01 3.6799145398e-01 3.0469280843e-02
-3.8464306436e+00 -2.5262133634e+00 -7.4444627288e+00
1.6499658480e+03 -1.3493559711e-01 1.5122947400e-01
3.9130033198e-02 2.0088065853e-01 -9.7883389885e-01
-4.2166145888e-01 8.9141343306e-01 1.6608342923e-01
9.0590863480e-01 4.0623767969e-01 1.1958466876e-01
-3.6894967188e-01 -1.4570519464e+00 -8.6921618232e+00
1.6595703031e+03 -1.4972618989e-01 1.7728959413e-01
1.3481200036e-01 2.0321831625e-01 -9.6980824935e-01
-3.0206411380e-01 9.4058475759e-01 1.5510507712e-01
9.4370704973e-01 2.7203424368e-01 1.8818707329e-01
-9.5337498528e-01 -2.6465786634e+00 -8.2791015741e+00
1.6668558775e+03 -1.7457486794e-01 1.9613284625e-01
3.5040140471e-01 2.5027254614e-01 -9.0254224734e-01
-3.9086181582e-01 9.1478912109e-01 1.0192107181e-01
8.5114387533e-01 3.1705601491e-01 4.1836537488e-01
2.2258278311e+00 -1.3253432633e+00 -8.5510603649e+00
1.6592042805e+03 -1.5950932043e-01 1.9051023608e-01
3.8468180610e-01 1.8783454249e-01 -9.0373563209e-01
-2.8108232569e-01 9.5641506714e-01 7.9138773910e-02
8.7921137063e-01 2.2358086679e-01 4.2071244546e-01
2.3340054106e+00 -2.1311357754e+00 -8.3044109851e+00
1.6571702996e+03 -1.2862370454e-01 1.3674455578e-01
7.3134860170e-01 1.5756351332e-01 -6.6355328503e-01
-2.3758304798e-01 9.7086211665e-01 -3.1321650184e-02
6.3928359756e-01 1.8055605702e-01 7.4747307120e-01
4.9149838840e+00 -7.8439625705e-01 -1.0352928847e+01
0 0 0
0 0 0
0 0 0
0 0 0
0 0 0
0 0 0
0 0 0
0 0 0
0 0 0
0 0 0
1.6294501644e+03 -1.1858761172e-01 3.1295892386e-01
8.9550326761e-01 -1.5595883116e-01 4.1683418847e-01
1.1649408186e-01 9.8607613313e-01 1.1867176819e-01
-4.2953815498e-01 -5.7712240110e-02 9.0120268018e-01
6.3479425014e+00 4.3769877818e+00 -1.5495288668e+01
1.5727286689e+03 -1.5128432478e-02 1.7805988848e-01
6.2571596503e-01 -3.4136309754e-01 7.0139202073e-01
2.3914448874e-01 9.3981144170e-01 2.4405812332e-01
-7.4248868315e-01 1.5022972047e-02 6.6969012663e-01
1.6172712230e+00 3.0694767207e+00 -1.6314240667e+01
0 0 0
0 0 0
0 0 0
0 0 0
0 0 0
0 0 0
0 0 0
0 0 0
0 0 0
0 0 0
0 0 0
0 0 0
0 0 0
0 0 0
0 0 0
0 0 0
0 0 0
0 0 0
0 0 0
0 0 0
0 0 0
0 0 0
0 0 0
0 0 0
0 0 0
1.9966357504e+03 1.0487084406e-02 -3.6834213135e-03
6.7068589330e-01 1.3904284562e-01 -7.2859283527e-01
-2.7428229167e-01 9.5913859796e-01 -6.9443317802e-02
6.8916591399e-01 2.4641476619e-01 6.8141771770e-01
2.2243190220e+00 1.3007011488e+00 -9.9650116758e+00
1.6997924705e+03 -6.2301257392e-02 2.1194510743e-01
8.1394722086e-01 6.6557378854e-02 -5.7711353907e-01
-1.1736465074e-01 9.9177078268e-01 -5.1149324311e-02
5.6895998138e-01 1.0936557932e-01 8.1506055582e-01
5.3814649714e+00 1.7334542936e+00 -9.8089491880e+00
0 0 0
0 0 0
0 0 0
0 0 0
0 0 0
0 0 0
0 0 0
0 0 0
0 0 0
0 0 0
0 0 0
0 0 0
0 0 0
0 0 0
0 0 0
0 0 0
0 0 0
0 0 0
0 0 0
0 0 0
0 0 0
0 0 0
0 0 0
0 0 0
0 0 0
0 0 0
0 0 0
0 0 0
0 0 0
0 0 0
0 0 0
0 0 0
0 0 0
0 0 0
0 0 0
1.6602174621e+03 -1.1621304750e-01 8.6635970111e-02
-1.2530473252e-01 2.4158483702e-01 -9.6225541855e-01
-4.1218893238e-01 8.6955377657e-01 2.7198623802e-01
9.0244058421e-01 4.3071219646e-01 -9.3806073300e-03
-3.7611801226e+00 -6.1228610000e+00 -1.2115950560e+00
0 0 0
0 0 0
0 0 0
0 0 0
0 0 0
1.6613298322e+03 -1.6697166175e-01 2.0653586830e-01
2.1033971864e-01 2.5985718849e-01 -9.4246031447e-01
-3.4173650769e-01 9.2275513525e-01 1.7815476328e-01
9.1595489085e-01 2.8460007372e-01 2.8289474362e-01
-3.5831840192e+00 -5.4141716984e+00 -9.9431423809e-01
1.6775683151e+03 -1.6448693871e-01 1.6184479386e-01
3.7207553982e-01 1.7725739411e-01 -9.1111997503e-01
-3.6256877698e-01 9.3136782943e-01 3.3133793373e-02
8.5446104337e-01 3.1801538097e-01 4.1080718450e-01
2.8318198394e+00 -4.8235267296e+00 -2.2985850541e+00
0 0 0
0 0 0
0 0 0
0 0 0
0 0 0
0 0 0
0 0 0
0 0 0
0 0 0
0 0 0
1.6586456082e+03 -1.4456574224e-01 1.4977976656e-01
3.8673691225e-01 2.8126075606e-01 -8.7825221195e-01
-3.4721412847e-01 9.2668340383e-01 1.4387570351e-01
8.5432833834e-01 2.4929953103e-01 4.5604038652e-01
4.5199628020e+00 -4.5455360838e+00 -1.9134465283e+00
1.6690611410e+03 -1.3969343790e-01 1.4697083181e-01
8.0104339122e-01 1.6378993058e-01 -5.7576240241e-01
-2.2494180409e-01 9.7370840138e-01 -3.5960170405e-02
5.5473477461e-01 1.5831869037e-01 8.1682588237e-01
1.1041248836e+01 -4.2342099495e+00 -1.7201513954e+00
0 0 0
0 0 0
0 0 0
0 0 0
0 0 0
1.6824311384e+03 -1.2485205238e-01 1.0260031488e-01
7.8180848678e-01 -6.1258408622e-01 1.1625931066e-01
6.1948953571e-01 7.8429732058e-01 -3.3323086191e-02
-7.0768673539e-02 9.8073697971e-02 9.9265973254e-01
1.2217966882e+01 4.8702363439e+00 -5.4423555441e+00
0 0 0
0 0 0
0 0 0
0 0 0
0 0 0
0 0 0
0 0 0
0 0 0
0 0 0
0 0 0
0 0 0
0 0 0
0 0 0
0 0 0
0 0 0
0 0 0
0 0 0
0 0 0
0 0 0
0 0 0
4.7586215004e+03 5.8351522944e-02 5.0776865438e-04
-3.1873647030e-01 1.7522036580e-01 -9.3150678254e-01
-1.7830847770e-01 9.5413372160e-01 2.4048893548e-01
9.3092059236e-01 2.4274815080e-01 -2.7287393793e-01
-4.4128533065e+00 -5.7065747465e-01 -4.6746146429e+01
4.7434733465e+03 5.3801098528e-02 6.5467575069e-04
-2.0190203832e-01 2.1324924723e-01 -9.5590811560e-01
-1.5484299090e-01 9.5678316265e-01 2.4614960459e-01
9.6708800794e-01 1.9771377854e-01 -1.6015631952e-01
-1.0453201879e+01 -1.5199012605e+00 -4.5829782782e+01
4.7449450922e+03 5.2832404563e-02 -4.1184217478e-03
3.8198505207e-02 2.3776357408e-01 -9.7057166507e-01
-1.4416484101e-01 9.6243057746e-01 2.3009537627e-01
9.8881614713e-01 1.3113301035e-01 7.1040557280e-02
-2.2439586462e+00 -1.2676643325e+00 -4.2876429962e+01
4.7868745958e+03 -5.6757366125e-02 2.2631109591e-04
2.7608340070e-01 2.6984661681e-01 -9.2247534344e-01
-1.7672315460e-01 9.5766705343e-01 2.2725039361e-01
9.4474699390e-01 1.0028269126e-01 3.1208412223e-01
2.2883834641e+00 3.1180513401e-01 -4.1901251548e+01
4.7528302986e+03 8.2697853804e-02 5.0035948028e-04
5.2783948398e-01 1.7922754491e-01 -8.3021862560e-01
-1.3627563244e-01 9.8268938492e-01 1.2550109472e-01
8.3834028363e-01 4.6894135191e-02 5.4312660488e-01
3.2078672747e+00 1.1509691454e-01 -4.0306401173e+01
4.7535199966e+03 7.8161744979e-02 2.2384774220e-03
6.8916291230e-01 6.4766705227e-02 -7.2170614117e-01
-4.2431477262e-02 9.9789539969e-01 4.9034080130e-02
7.2336301402e-01 -3.1694117453e-03 6.9046064680e-01
6.2679208420e+00 6.0673223479e-01 -4.0811993590e+01
4.7548873649e+03 4.1005993683e-02 5.8676932552e-03
8.4890148286e-01 1.3370134313e-01 -5.1136114757e-01
-6.8254201528e-02 9.8710651024e-01 1.4478294586e-01
5.2412559217e-01 -8.8003910618e-02 8.4708185870e-01
9.4180926998e+00 1.0276771452e+00 -5.7195795167e+01
4.7652594222e+03 6.8093740393e-02 1.5252659168e-03
9.8776925700e-01 4.7966560499e-02 -1.4836139657e-01
-2.5948130468e-02 9.8880635304e-01 1.4693090457e-01
1.5374846160e-01 -1.4128412956e-01 9.7795715923e-01
8.0469759985e+00 3.4695161789e-01 -5.1211565285e+01
4.7556185129e+03 9.5745479764e-02 5.7917735650e-03
9.5250206435e-01 7.8205563715e-02 -2.9431905682e-01
-2.9287885224e-02 9.8550789478e-01 1.6708204305e-01
3.0312049944e-01 -1.5052600816e-01 9.4098877979e-01
1.5900828434e+01 -6.9959668932e-01 -4.9284265249e+01
4.7479895105e+03 7.6387873524e-02 1.3862433157e-03
9.6333029009e-01 -4.7951679524e-02 2.6399884209e-01
8.4707777132e-03 9.8884604774e-01 1.4870016746e-01
-2.6818463438e-01 -1.4101109995e-01 9.5299153804e-01
7.3107329438e+00 1.5286059590e+00 -5.2195771646e+01
4.7455594798e+03 7.3516878287e-02 1.5318257655e-03
9.9932394760e-01 3.0937743388e-02 1.9862119176e-02
-3.3804534786e-02 9.8561508860e-01 1.6559030937e-01
-1.4453413852e-02 -1.6614979134e-01 9.8599459718e-01
2.0582216371e+01 -1.8309819385e-01 -4.8603946023e+01
4.6434410617e+03 2.4199317002e-01 2.5981341760e-02
8.6689915164e-01 -1.7829473252e-01 4.6550708828e-01
8.0751561417e-02 9.7174107729e-01 2.2180726775e-01
-4.9189942693e-01 -1.5469410801e-01 8.5679909356e-01
1.9149052299e+01 2.0155234874e+00 -6.1369825313e+01
4.7569766918e+03 4.9750803374e-02 3.0731143967e-03
7.5698759237e-01 -1.8032888359e-01 6.2805356359e-01
4.9349450852e-02 9.7419781502e-01 2.2023453160e-01
-6.5156305658e-01 -1.3572070936e-01 7.4635478986e-01
6.7864881044e+00 7.0135547493e-01 -6.5003617861e+01
0 0 0
0 0 0
0 0 0
0 0 0
0 0 0
4.9018279687e+03 4.5727015446e-01 1.5623460546e-01
3.4519724182e-01 -2.4556734840e-01 9.0583416895e-01
5.3464437826e-02 9.6874048841e-01 2.4224660990e-01
-9.3700609290e-01 -3.5192946969e-02 3.4753566486e-01
3.6604770853e+00 9.7462388488e-01 -6.7104463285e+01
4.1158352501e+03 -4.6600353241e-01 -9.4245916975e-03
1.5595917795e-02 3.0461239817e-01 -9.5234870412e-01
7.9048310122e-03 9.5239721798e-01 3.0475736715e-01
9.9984712881e-01 -1.2281126416e-02 1.2445599188e-02
-1.5178402231e+00 -1.9188812225e-01 -4.0389282616e+01
4.4238034869e+03 -1.1482341532e-01 -1.7865024840e-03
2.1106710912e-01 2.7639945543e-01 -9.3757880548e-01
8.3880172217e-03 9.5864031669e-01 2.8449672121e-01
9.7743558182e-01 -6.7912327666e-02 2.0001899694e-01
3.1109655618e+00 2.7569974429e-02 -4.2305777098e+01
6.6686184036e+04 -1.1158690240e-03 -4.7922475918e-08
4.2270258342e-01 2.2620860192e-01 -8.7758315526e-01
-1.1792372340e-01 9.7384399817e-01 1.9422116954e-01
8.9856358786e-01 2.1390083143e-02 4.3832173448e-01
4.8984518124e+00 -7.1617707900e-01 -6.6333870319e+02
5.2774318262e+03 7.9458494331e-02 -6.2017512374e-03
7.8704370547e-01 1.3147385938e-01 -6.0272450587e-01
-1.1833247461e-02 9.8006349982e-01 1.9833181938e-01
6.1678373838e-01 -1.4896362181e-01 7.7290857121e-01
1.0092230473e+01 -2.0457835239e-01 -5.0249760150e+01
1.6688155238e+03 -1.8376917012e+00 5.8498081144e-03
-2.2573533277e-01 1.4799710150e-01 -9.6288131017e-01
-7.2100182684e-02 9.8314428097e-01 1.6801454236e-01
9.7151691864e-01 1.0735073700e-01 -2.1125978338e-01
4.3704278844e+00 4.2097264829e-01 -1.1507350769e+01
0 0 0
0 0 0
0 0 0
0 0 0
0 0 0
0 0 0
0 0 0
0 0 0
0 0 0
0 0 0
0 0 0
0 0 0
0 0 0
0 0 0
0 0 0
0 0 0
0 0 0
0 0 0
0 0 0
0 0 0
0 0 0
0 0 0
0 0 0
0 0 0
0 0 0
0 0 0
0 0 0
0 0 0
0 0 0
0 0 0
0 0 0
0 0 0
0 0 0
0 0 0
0 0 0
1.6639363131e+03 -1.2627941599e-01 1.3118104298e-01
-4.4993343036e-01 2.3550742724e-01 -8.6145003335e-01
-2.7930707646e-01 8.7910477166e-01 3.8621542886e-01
8.4826143687e-01 4.1438032310e-01 -3.2975973457e-01
-6.1180043626e+00 7.4474580205e+00 -6.0785157947e+01
1.6649354995e+03 -1.1590418898e-01 1.1631932417e-01
-1.8575766779e-01 2.6341199773e-01 -9.4662992152e-01
-2.9455683033e-01 9.0416280743e-01 3.0939601058e-01
9.3740618867e-01 3.3630899053e-01 -9.0365371290e-02
6.8072529858e+00 1.3238517597e+01 -8.9091642141e+01
1.6731000232e+03 -6.0880135521e-02 2.0908952196e-01
-8.7500701849e-02 2.6996165643e-01 -9.5888702736e-01
-3.0221070756e-01 9.1002024857e-01 2.8378131619e-01
9.4921668517e-01 3.1461699134e-01 1.9578927555e-03
1.5420965453e+01 1.9974454249e+01 -1.1156691642e+02
1.6665681541e+03 -1.4050878496e-01 1.6332636223e-01
3.3221539183e-02 2.5147106959e-01 -9.6729449006e-01
-3.2826442756e-01 9.1688177114e-01 2.2709091428e-01
9.4400148036e-01 3.0998406236e-01 1.1300923039e-01
1.0556448508e+01 1.7283161659e+01 -7.6873623305e+01
-2.2421071214e+01 -2.0536260840e+00 -2.2741351853e+00
23 22 25
9 18 269 -404.3000 185.7900 19 247 -405.0100 130.4300 17 345 -436.5900 199.6500 20 137 -348.2700 137.6300 16 475 -420.7900 193.7200 21 164 -275.6900 123.5600 87 250 -406.2100 -202.9100 89 112 -182.8800 -172.4200 90 91 -87.3700 -204.4300
-3.7772054477e+01 3.2031012940e+01 -1.0109534349e+02
192 190 175
5 18 967 -503.0700 519.9900 19 941 -720.0200 465.7700 17 852 -319.3000 519.7200 16 1168 -83.0900 496.4900 12 832 708.6500 587.0300
-2.0021238732e+01 2.2115055445e+01 -6.6695953939e+01
130 128 100
13 18 2250 -275.9500 516.8800 19 2153 -456.3900 466.3000 17 1916 -128.7800 517.4600 20 1440 -628.2000 475.5500 16 1709 73.1900 487.2300 15 1632 248.5100 513.1300 14 1795 300.5100 503.9200 13 1789 565.8900 530.1200 86 547 -30.2000 502.7700 12 1246 771.8700 574.6300 87 602 714.1600 413.8000 89 452 -2.5600 453.1400 74 1426 -600.9100 292.3700
-7.1222143791e+00 -3.5372472091e+00 4.6787397131e+00
214 232 217
17 18 6644 480.2200 156.9200 19 3151 507.5100 138.1000 17 5451 347.6200 161.9300 20 6197 571.6400 158.6000 88 758 193.9500 -139.4000 16 4193 242.9200 113.9600 91 1148 420.2400 -173.3400 21 5906 584.0100 152.7300 14 3711 -40.8900 104.3700 13 4001 -80.6000 130.0000 86 1192 14.3800 -230.1900 12 3806 -187.5000 136.8900 87 678 766.5300 -328.1300 85 2748 41.7300 -109.5600 84 977 -249.5500 -266.8600 49 269 498.6400 123.8200 93 1612 528.8700 -142.8400
-3.6884984531e+01 3.3181459849e+01 -9.9948153520e+01
187 187 172
5 18 975 -494.1800 539.3300 19 953 -710.8400 485.8300 17 1260 -310.9100 538.2600 15 1095 122.7600 540.9200 13 1231 490.9800 559.4800
-3.6884984531e+01 3.3181459849e+01 -9.9948153520e+01
187 187 172
5 18 976 -494.1800 539.3300 19 954 -710.8400 485.8300 17 1261 -310.9100 538.2600 15 1096 122.7600 540.9200 13 1232 490.9800 559.4800
-2.0016768201e+01 2.2102444906e+01 -6.6652188429e+01
130 128 100
11 18 2251 -275.9500 516.8800 19 2154 -456.3900 466.3000 17 1917 -128.7800 517.4600 16 1710 73.1900 487.2300 15 1634 248.5100 513.1300 14 1797 300.5100 503.9200 13 1791 565.8900 530.1200 86 548 -30.2000 502.7700 87 603 714.1600 413.8000 89 453 -2.5600 453.1400 74 1427 -600.9100 292.3700
-2.0232894294e+01 2.2236065127e+01 -6.6650114378e+01
253 242 218
10 18 4028 -279.7600 518.8700 19 3581 -460.3400 468.3900 17 3246 -132.4000 519.5000 20 3788 -632.4000 477.7200 16 2716 69.7700 489.2300 15 2651 245.1899 515.2000 13 2897 562.1899 532.1700 86 1131 -38.3000 508.2100 87 1242 706.0699 419.1400 89 634 -11.0900 459.1400
-2.3555804086e+01 -2.4918373497e+00 -2.8267539994e+00
181 191 195
8 18 403 -457.7700 159.7200 19 356 -463.8800 100.6100 17 479 -481.0600 176.5100 21 232 -344.2700 89.1800 89 200 -289.6000 -217.2700 22 248 -286.4400 143.2700 23 204 -182.3300 109.4300 90 134 -191.3800 -263.5500
-1.1667005918e+01 -3.2744585785e+00 2.6223189438e+00
149 164 172
17 18 95 190.8500 158.6000 19 89 224.9399 127.7100 17 138 79.2200 166.3600 88 47 -316.2100 -144.5400 16 212 4.5600 132.7000 91 58 16.2100 -212.7300 15 295 -31.1700 150.8500 21 168 352.9500 136.8800 14 309 -214.0800 133.1200 86 89 -384.8200 -211.1100 87 111 357.6500 -301.2300 85 320 -178.5900 -84.1500 22 182 334.7200 223.0700 23 216 340.7100 212.8300 49 11 -507.9100 22.5800 24 164 303.9200 218.6200 93 91 249.3700 -196.1100
-9.1548383209e+00 -3.1642581598e+00 3.7912008030e+00
221 228 232
11 18 172 349.1000 171.2000 19 147 380.6400 145.7500 17 220 223.4800 178.7400 88 84 -36.9500 -116.2400 16 214 131.6400 138.8900 91 144 240.0900 -174.2400 15 217 80.5500 156.0100 14 310 -123.1000 137.9100 86 128 -168.0000 -191.6700 87 151 577.1300 -285.5100 49 38 46.4100 127.7300
-2.2856630106e+01 -1.7515630135e+00 -2.4017582078e+00
75 73 72
6 18 273 -426.3900 199.9700 19 253 -429.2000 143.3100 20 141 -375.7700 150.8600 21 169 -303.2200 136.8200 89 115 -222.3100 -144.3400 90 94 -131.4200 -185.1800
-1.0047926951e+01 -3.5401976448e+00 3.2908723040e+00
212 209 200
10 18 256 291.5900 145.7700 19 244 324.5400 118.6100 17 216 170.6500 154.5500 20 214 399.6200 136.1900 16 207 84.5600 118.0300 15 288 38.8600 135.7000 14 424 -155.5600 116.5100 87 145 498.4000 -322.2400 49 32 -148.6500 21.6100 50 25 -269.6700 -436.5300
-1.1322213762e+01 -3.2728129567e+00 2.8128840071e+00
66 68 72
13 18 402 213.8800 159.1400 19 369 247.9600 129.0800 17 335 98.2800 167.1900 20 526 327.2400 146.7000 16 316 20.3900 133.4500 91 283 48.8500 -208.0800 15 403 -18.3600 152.7800 21 577 372.9500 139.2500 14 429 -203.4900 135.0400 86 203 -354.9700 -209.5700 87 232 387.7500 -300.5300 22 968 351.0601 225.8000 49 51 -432.2300 33.2900
-3.2347589642e+01 3.3930332831e+01 -9.7774589873e+01
247 245 233
5 18 700 -437.8000 557.5000 19 458 -650.3000 504.8900 17 610 -258.7600 556.6700 15 509 172.2600 558.0300 14 553 248.7600 549.1100
-2.2643674174e+01 -3.5228123280e+00 -2.6959981790e+00
204 208 212
9 18 790 -410.5900 110.1000 19 534 -410.8400 51.0000 20 506 -356.3700 53.7900 21 551 -286.3000 37.7200 89 273 -207.9200 -315.2700 22 600 -230.8100 96.1500 23 528 -132.3200 66.6100 24 379 -85.2900 86.5300 90 233 -98.0400 -343.2300
-8.9728137123e+00 -3.9156047890e+00 3.7416303739e+00
162 170 181
11 18 569 359.7200 129.1300 19 548 391.9100 106.0600 17 469 233.9600 136.4700 20 518 463.4500 125.8000 88 255 -16.6100 -193.4700 16 636 139.7600 95.2000 91 389 259.4399 -232.3200 15 565 87.3600 110.2400 14 623 -116.6300 90.2600 49 83 98.2600 -17.6600 50 70 -7.9100 -402.3200
-2.3116237008e+01 -1.7380677514e+00 -2.4616671062e+00
253 254 251
7 18 413 -439.2500 198.7600 19 376 -442.8600 141.0500 17 492 -466.6100 213.2900 16 481 -444.6600 207.8300 15 418 -407.9200 238.9100 14 667 -506.4100 226.0500 85 459 -612.7700 36.7200
-3.4569737184e+01 3.6206821957e+01 -9.7734725328e+01
190 187 179
6 18 706 -468.8200 587.4200 19 686 -684.6800 536.0400 17 614 -287.5100 584.4600 16 832 -50.3200 558.2300 15 753 147.5000 585.8300 14 802 224.5200 576.9200
-7.4390441420e+00 -2.6601980292e+00 4.9314782317e+00
221 230 231
12 18 585 467.5699 208.4600 19 560 495.5000 187.1600 17 490 332.3900 212.9100 20 530 563.3800 205.9400 88 128 168.7500 -49.8600 16 467 228.1300 165.7300 91 215 402.6700 -101.6300 15 581 163.3400 180.7200 21 904 579.0601 196.8400 14 965 -60.0500 161.6200 85 878 17.0300 -29.2200 50 74 276.2500 1.0200
-2.1089840408e+01 -2.4853185408e+00 -1.5250838335e+00
121 137 146
8 18 582 -337.7800 169.6400 19 551 -328.9600 116.2800 17 715 -383.1000 183.9800 16 960 -380.5500 175.5500 15 1393 -356.8700 205.0900 14 1519 -468.2500 191.2300 87 359 -328.9800 -234.1000 89 275 -57.6800 -208.1700
-4.2881387160e+00 2.6411785341e+01 -8.2490201965e+01
144 140 140
10 18 2252 -44.4000 518.5800 19 2158 -232.5400 471.5000 17 1920 112.5700 521.4100 20 2258 -407.8800 477.2700 16 1707 329.5900 483.3800 15 2647 526.3400 508.5900 14 1792 598.8600 500.8500 86 550 606.6400 505.3400 89 451 547.6500 435.9500 74 1000 -334.0200 503.8600
-5.1084500533e+00 -1.4787947955e+00 5.1126208889e+00
239 243 243
7 18 3473 596.6100 282.0600 19 5783 606.3101 261.4200 17 2842 468.1200 285.1600 16 2379 369.3000 231.1400 15 2359 308.0800 243.0400 14 2396 77.2700 223.2500 86 1235 221.4700 -23.6200
7.3069684123e+00 2.5097437561e+01 -7.5339010833e+01
236 237 221
5 18 332 143.9900 528.1500 19 306 -41.7400 484.2400 17 281 296.7700 531.8400 16 269 514.2700 488.0200 15 184 720.3500 513.2000
-9.7817894728e+00 -3.8993593469e+00 3.2257445820e+00
8 9 11
9 18 157 306.0500 127.1300 19 134 338.2800 101.6700 17 130 185.8500 135.1300 20 130 411.6000 120.9800 88 43 -110.1400 -199.6700 16 201 98.3600 97.0600 91 85 181.1000 -244.7300 15 211 51.6100 113.6000 49 26 -92.8000 -44.9300
-9.7804649383e+00 -3.8984573771e+00 3.2161844685e+00
8 9 11
9 18 158 306.0500 127.1300 19 135 338.2800 101.6700 17 131 185.8500 135.1300 88 44 -110.1400 -199.6700 16 202 98.3600 97.0600 15 212 51.6100 113.6000 86 122 -221.6000 -270.0600 87 143 522.1801 -363.8300 49 27 -92.8000 -44.9300
-8.5251272764e+00 -3.3092730186e+00 3.9860694096e+00
16 17 17
10 18 168 387.1400 165.7000 19 146 417.1100 142.5400 17 139 260.2700 171.7600 20 142 487.3300 161.4000 88 83 31.5400 -127.8500 16 211 165.5500 128.0000 91 89 291.9600 -175.6500 15 214 111.9300 141.5800 87 110 635.8101 -306.2800 49 37 180.3400 121.5800
-2.2775749410e+01 -3.2798364258e+00 -2.7138868601e+00
18 20 22
4 18 250 -417.6000 122.5700 19 223 -418.8700 63.8000 17 320 -446.5600 141.9000 89 101 -219.2800 -291.9200
-2.3554757897e+01 -3.2498085434e+00 -3.0859345946e+00
249 250 252
7 18 392 -454.0100 121.9900 19 348 -459.6700 60.9000 17 321 -476.8200 142.0000 16 460 -454.2300 142.5800 21 336 -342.8200 44.5800 89 193 -291.7200 -289.8700 90 178 -190.9900 -334.5900
-2.3493108392e+01 -2.0422788629e+00 -2.6899917365e+00
225 232 236
3 18 409 -456.1800 182.9300 19 368 -462.1700 124.8900 20 212 -411.0900 130.2200
-2.8736033225e+01 2.9528882269e+01 -9.6547286239e+01
163 165 155
3 18 324 -389.1700 505.7200 19 300 -595.0200 452.0100 15 358 208.9500 506.2400
7.2837132902e+00 2.6872391510e+01 -7.4407980558e+01
182 180 175
6 18 699 145.4400 558.6600 19 681 -40.5800 515.0000 17 611 298.4800 562.8000 20 663 -207.9600 518.8700 16 576 517.5100 519.6200 15 367 724.5000 546.7600
-2.2443559128e+01 -2.6619980422e+00 -2.3611747637e+00
254 255 252
5 18 260 -403.4200 154.2300 19 235 -403.0600 97.1000 17 337 -436.0700 171.7500 16 324 -421.3400 167.8500 15 412 -388.7700 199.4600
-2.2653466731e+01 -3.5172146013e+00 -2.6911153030e+00
204 208 212
7 18 791 -410.5900 110.1000 19 535 -410.8400 51.0000 20 507 -356.3700 53.7900 21 552 -286.3000 37.7200 22 601 -230.8100 96.1500 23 529 -132.3200 66.6100 24 380 -85.2900 86.5300
-9.2150440881e+00 -3.9903841993e+00 3.6216791667e+00
162 169 181
10 18 567 344.6100 124.2500 19 543 377.2700 100.4700 17 467 219.9800 131.8200 20 807 449.7000 119.9400 88 253 -43.6100 -202.7200 16 635 127.0600 91.3100 91 385 239.1400 -242.4700 15 563 75.9200 106.7800 49 81 46.1700 -40.3900 50 91 -54.5300 -443.5900
-1.2166835053e+01 -3.6371496586e+00 2.0105892027e+00
67 68 68
4 18 794 157.4700 134.9700 19 802 188.6400 102.5800 16 452 -18.1700 114.2800 15 569 -48.2400 134.7400
-2.2991903002e+01 -3.4430755626e+00 -2.8853746116e+00
251 251 250
8 18 249 -427.0900 113.6900 19 221 -429.4000 52.8900 17 319 -454.0000 134.5200 20 200 -377.0800 53.8000 16 457 -435.7400 134.4900 15 574 -399.5000 167.4300 87 227 -441.3900 -316.0500 89 146 -239.9900 -309.4400
-2.2364150421e+01 -3.0127514279e+00 -2.4947701076e+00
43 44 46
8 18 254 -398.0500 136.8100 19 226 -397.6100 79.0800 17 328 -430.7400 154.6800 20 122 -342.3000 83.3300 16 462 -416.6600 151.8400 15 584 -384.7200 184.2400 87 234 -402.4100 -281.2400 89 103 -179.8500 -265.6000
-2.2143881072e+01 -2.2364472863e+00 -2.1436596789e+00
173 182 190
9 18 406 -390.4400 177.9000 19 366 -388.5700 122.4400 17 485 -425.3200 192.3900 20 211 -330.4000 129.3300 16 658 -412.2200 185.9300 15 599 -381.1800 216.0700 21 238 -256.9500 115.1900 87 364 -390.6900 -216.3400 89 155 -157.2200 -189.0100
-2.3669641762e+01 -2.2094517055e+00 -2.8506548753e+00
26 26 30
10 18 267 -463.4800 173.7300 19 239 -470.8100 115.2700 17 339 -485.7600 189.0800 20 131 -421.4600 120.4200 16 470 -460.5200 186.3300 15 600 -421.0700 218.0200 21 161 -352.5800 105.2700 87 246 -484.4600 -217.4900 89 110 -298.6300 -190.1900 90 88 -206.9300 -239.3100
-2.3665841836e+01 -2.2156690590e+00 -2.8354551378e+00
26 26 30
8 18 268 -463.4800 173.7300 19 240 -470.8100 115.2700 17 340 -485.7600 189.0800 20 132 -421.4600 120.4200 16 471 -460.5200 186.3300 15 601 -421.0700 218.0200 87 247 -484.4600 -217.4900 89 111 -298.6300 -190.1900
-2.2613158662e+01 -1.7772735387e+00 -2.2101259700e+00
213 221 225
6 18 805 -414.8500 199.5000 19 810 -415.8400 143.8400 20 822 -359.1600 151.7500 21 895 -285.8000 137.9300 89 351 -200.1100 -145.5600 90 311 -104.6600 -181.4200
-2.4610010482e+01 -5.6529737834e+00 4.5959615670e+01
77 67 78
2 18 1915 313.9399 180.0500 19 3150 -469.0200 136.5600
-1.7115433601e+01 -4.2786749483e-01 9.6762999966e-01
253 255 255
12 18 1210 -129.1500 298.9100 19 1196 -103.7200 255.7600 17 1036 -210.4100 304.0800 20 1232 -19.7700 270.2800 16 979 -239.1200 280.9000 91 595 -491.0600 -31.3300 15 910 -241.1900 305.3600 87 496 -63.7600 -38.8600 89 352 349.1200 13.9900 22 2461 81.5800 324.2500 90 384 432.9000 38.7100 93 852 -122.8800 -14.4500
-3.6157257456e+01 3.4130942131e+01 -9.9767169321e+01
204 198 187
5 18 1417 -485.4700 551.7100 19 1404 -701.5000 498.9399 17 1266 -302.5800 550.6801 16 1197 -66.5900 525.2700 15 1676 132.2000 554.2200
-2.3911308115e+01 -2.3739477243e+00 -2.9913502766e+00
252 251 249
7 18 1912 -474.5300 164.9600 19 1857 -482.6700 104.7000 20 1213 -435.2100 109.2200 15 2342 -425.8800 212.0400 21 3372 -366.4200 91.7300 87 956 -499.0400 -228.9600 89 662 -322.0700 -206.7600
-2.1533120717e+01 2.6397327251e+01 -6.6356205818e+01
94 90 81
5 18 7527 -305.0400 590.9399 19 3601 -489.7000 541.5500 17 6381 -155.4900 588.9100 16 4900 51.4300 558.0400 15 4722 228.7200 585.5601
-2.0371621784e+01 -3.3650302877e+00 -2.2940740625e+00
10 12 11
5 18 6 -295.8100 123.8600 19 6 -289.2400 71.2900 17 10 -342.7300 139.3400 20 4 -234.4500 78.0600 16 11 -339.3900 132.3500
-9.0543759728e+00 -3.6051972487e+00 3.6828592059e+00
166 177 183
4 18 23 353.5000 146.9400 19 21 384.3900 123.4900 17 19 229.4200 153.3100 16 20 135.9700 111.3000
-9.1550945661e+00 -3.7755629649e+00 3.7148500336e+00
161 173 189
10 18 162 349.7900 136.2100 19 138 381.4200 112.5000 17 135 223.5900 143.8600 20 133 454.3700 132.0000 88 46 -36.4500 -180.2100 16 135 130.3500 103.0700 91 86 244.1000 -223.2800 22 265 443.0300 219.1600 49 10 57.6100 5.6400 50 12 -47.5700 -389.8500
-9.2229711009e+00 -4.2442753589e+00 3.5121514949e+00
158 167 175
9 18 248 342.2500 109.6900 19 232 375.0800 86.0500 17 211 218.5000 116.9900 20 206 447.0800 106.5600 88 75 -46.1400 -232.2600 16 199 126.0400 77.3400 91 136 236.7000 -265.2100 86 119 -175.2200 -302.5300 49 24 42.9700 -93.7300
-9.6255704615e+00 -3.6878992720e+00 3.4730403928e+00
169 181 189
10 18 163 318.0400 140.4300 19 140 351.3400 115.3000 17 213 194.5500 148.2600 20 135 425.0400 134.6000 88 79 -89.8300 -175.0700 16 204 105.4200 109.3100 91 138 202.0000 -222.3400 86 123 -209.8000 -248.3900 87 144 534.0699 -342.7100 49 28 -51.0800 6.4600
1.0057891294e+01 1.5564300491e+01 -5.0445067792e+01
250 247 236
5 18 315 316.2200 476.6600 19 443 149.7400 437.1200 17 266 444.0300 481.3101 88 97 132.6800 428.8700 16 261 634.6600 431.3800
9.9712284869e+00 1.6421491231e+01 -5.0417277387e+01
252 253 245
5 18 320 313.8400 492.5800 19 449 146.4600 453.0701 17 271 442.0200 497.2500 88 101 127.8400 469.1200 16 264 633.3900 446.4700
-9.0521695284e+00 -4.0791506842e+00 3.6810064592e+00
125 129 126
8 18 388 355.0000 119.4100 19 355 387.1200 96.2500 17 314 229.4800 126.9900 88 110 -25.0700 -211.3400 16 294 135.6400 86.4200 91 202 253.3400 -248.2600 49 46 82.8800 -53.1600 50 47 -15.3000 -444.2800
-8.8557052122e+00 -3.7965081844e+00 3.8445902417e+00
98 98 96
9 18 397 368.1600 136.4500 19 358 400.0000 113.5800 17 322 241.5800 143.6600 20 336 471.5900 133.2700 88 115 -2.3600 -179.5900 16 302 146.7000 102.0100 91 204 270.2100 -220.3700 49 50 124.6800 11.8300 50 49 15.1200 -365.9900
-9.4043423950e+00 -3.5698285283e+00 3.6467717065e+00
132 137 135
10 18 399 333.5400 147.5000 19 364 366.6899 123.1600 17 326 209.0300 155.3400 20 340 440.4100 142.0100 88 118 -63.9600 -160.0000 16 305 117.7900 115.3600 91 208 222.0100 -208.5300 21 362 471.9000 136.0800 49 53 0.0200 39.3800 50 50 -110.8300 -371.9800
-9.4024166429e+00 -3.5700788757e+00 3.6384118648e+00
132 137 135
8 18 400 333.5400 147.5000 19 365 366.6899 123.1600 17 327 209.0300 155.3400 20 341 440.4100 142.0100 88 119 -63.9600 -160.0000 16 306 117.7900 115.3600 91 209 222.0100 -208.5300 49 54 0.0200 39.3800
-8.7298590364e+00 -3.4722103444e+00 3.9477677414e+00
237 238 240
7 18 580 376.3600 155.6600 19 807 407.5500 131.8700 17 477 249.2700 162.8600 88 185 10.2100 -143.6100 16 310 154.3700 121.0900 91 587 279.0800 -191.5500 49 89 146.9100 81.5700
-9.0737084794e+00 -3.4735328894e+00 3.8211651573e+00
121 125 125
8 18 401 354.6700 154.6300 19 370 387.2200 130.4200 17 329 228.7400 161.8500 20 342 460.1300 149.5200 88 121 -26.7400 -146.8200 16 311 135.2300 120.9300 91 210 250.9000 -195.4800 49 55 73.2900 70.8000
-2.3746353276e+01 -3.6572722429e+00 -3.0702855417e+00
129 122 116
4 18 387 -463.0200 101.1500 19 217 -467.9800 38.7700 17 313 -485.3000 122.9800 16 454 -462.3400 124.9400
1.3076046134e+01 1.3224824202e+01 -4.5741881349e+01
211 209 122
5 18 923 409.1600 451.5900 19 903 244.2700 415.1700 17 813 533.4000 456.5300 88 222 337.9200 371.7800 16 524 721.5800 402.7700
-8.7059301056e+00 -4.8615492632e+00 3.5707941684e+00
46 49 55
13 18 559 372.8900 75.3300 19 536 404.6000 54.0800 17 462 248.3400 83.2000 20 508 473.4399 75.2900 88 251 9.9900 -292.4500 16 630 152.5100 42.2600 91 279 281.8500 -312.4900 21 878 498.6801 74.0300 22 954 455.6801 171.8600 23 1241 438.1899 170.9600 49 79 156.1500 -196.7300 50 62 71.8100 -567.2600 93 327 432.7100 -287.2000
-8.1468764915e+00 -3.7495367690e+00 4.1049145024e+00
41 48 54
5 18 574 411.9399 140.2400 19 552 441.5000 118.2500 17 703 283.7000 147.6000 88 258 75.8700 -170.1900 16 637 185.3500 103.7000
-2.3044757678e+01 -3.2092017879e+00 -2.8272272755e+00
205 206 208
5 18 565 -430.2400 124.7800 19 349 -433.2100 66.4800 17 474 -457.1100 143.6100 16 646 -438.1800 141.8800 89 194 -244.6500 -284.3900
-9.2572007556e+00 -2.8716551962e+00 3.8355162524e+00
186 199 211
5 18 803 343.8199 188.9800 19 814 375.4301 163.5900 17 720 217.9800 195.0100 20 824 449.1000 181.8800 16 652 126.7400 154.2900
1.4949832849e+01 1.2864433973e+01 -4.4338582222e+01
111 113 61
5 18 922 457.0100 450.7000 19 901 290.9500 415.4400 17 812 581.8101 455.5400 88 221 444.9900 368.8800 16 747 772.7500 400.3400
1.2490509135e+01 1.3767624290e+01 -4.6852768401e+01
101 85 54
5 18 1361 389.1400 457.4299 19 1341 223.4100 420.7800 17 1204 513.8500 462.2000 88 324 293.5800 385.2500 16 750 702.8700 409.3100
1.3562369579e+01 1.0351039902e+01 -4.1505616415e+01
184 183 127
5 18 1288 456.6899 410.7400 19 1257 296.6200 377.3600 17 1143 574.8300 414.8200 88 411 437.7500 280.1000 16 1030 755.8101 357.7200
1.0503349273e+01 1.1251384760e+01 -4.3891011346e+01
206 197 101
6 18 1296 374.7600 419.9400 19 1269 216.4200 384.0400 17 1151 493.1000 423.5300 20 2069 83.2600 387.2900 88 417 255.4100 300.0100 16 1054 671.9200 369.8500
1.4994369738e+01 1.1991644332e+01 -4.3194153165e+01
113 110 57
7 18 2110 468.4800 438.3600 19 2051 303.7800 403.8500 17 1816 591.7800 442.9600 88 441 469.1000 341.1600 16 1080 780.5100 386.5300 91 657 -488.2800 157.2900 90 426 428.0601 228.2300
1.2640441178e+01 1.4694272301e+01 -4.8134718612e+01
248 247 141
4 18 2191 380.9700 469.9900 19 2107 214.2800 432.6000 17 1875 508.5601 474.7200 16 1124 700.1000 422.4500
-1.1161636961e+01 -2.2909909337e+00 3.3513265243e+00
187 207 212
12 18 1921 229.4100 218.1500 19 1872 264.7700 187.7600 17 1621 108.4600 224.5900 20 3365 346.9100 204.7800 88 531 -254.3200 -34.1900 16 1451 28.0500 188.7300 91 1154 74.2800 -115.2700 21 3393 392.7100 194.5900 86 596 -346.9300 -110.0700 87 698 396.7500 -200.7600 22 6944 367.7300 278.3000 49 128 -405.7600 258.6500
-2.1290771891e+01 -1.3255539917e+00 -1.1001078493e+00
168 190 206
6 18 1923 -351.8600 230.8500 19 1869 -343.3200 179.0300 17 1623 -397.6300 241.2200 16 1464 -392.6600 230.0300 87 963 -350.0900 -131.9200 89 480 -73.0300 -92.0100
9.7133281178e+00 1.3742061202e+01 -4.7689624604e+01
139 145 80
6 18 1354 329.7700 453.6500 19 1325 167.2700 415.9800 17 1842 453.0900 457.7000 20 1365 28.8100 418.5500 88 453 158.4900 377.0600 16 1621 638.2500 406.4600
9.7340679709e+00 1.1067065764e+01 -4.3731390087e+01
232 224 138
5 18 3689 361.1400 416.6200 19 3351 203.8200 380.5400 17 3012 478.1600 420.0900 88 858 223.2100 293.2800 16 2495 654.4301 366.7300
1.0082827687e+01 1.1038462318e+01 -4.3521010639e+01
151 136 38
6 18 3693 369.8101 416.9400 19 3353 211.9700 381.0900 17 3014 486.8700 420.6300 20 3518 79.3200 384.5500 88 861 242.5300 294.0300 16 2498 663.4301 366.8900
1.2086462446e+01 1.3695370469e+01 -4.6971782284e+01
152 140 72
6 18 7293 380.1700 455.6500 19 6209 215.5800 418.7300 17 3151 505.0900 460.1300 20 6621 76.0200 421.3700 88 985 274.3199 381.3100 16 2610 693.0900 407.3700
9.8553390100e+00 1.5106572870e+01 -5.0222105674e+01
245 228 179
5 18 7355 314.3900 468.4399 19 6234 148.6700 429.5200 17 6153 441.5400 472.8199 88 1018 127.7600 411.8200 16 2641 631.0000 422.6900
8.8563518503e+00 1.5382024952e+01 -5.0612446384e+01
217 214 147
5 18 3950 293.2300 472.1500 19 3530 127.4800 433.2400 17 3182 419.9700 476.4100 88 699 78.8800 420.3400 16 2652 608.6200 426.8201
9.2689043545e+00 1.8653527632e+01 -4.9778255570e+01
236 214 164
