# Bundle file v0.3
110 4402
0 0 0
0 0 0
0 0 0
0 0 0
0 0 0
0 0 0
0 0 0
0 0 0
0 0 0
0 0 0
0 0 0
0 0 0
0 0 0
0 0 0
0 0 0
0 0 0
0 0 0
0 0 0
0 0 0
0 0 0
0 0 0
0 0 0
0 0 0
0 0 0
0 0 0
0 0 0
0 0 0
0 0 0
0 0 0
0 0 0
0 0 0
0 0 0
0 0 0
0 0 0
0 0 0
1.6732689615e+03 -1.7127805235e-01 1.9208406397e-01
-2.3643213193e-02 2.1787981859e-01 -9.7568918367e-01
-3.1392845836e-01 9.2497744622e-01 2.1416266486e-01
9.4915221198e-01 3.1136009481e-01 4.6529236598e-02
-4.2675209657e-01 4.7188798574e+00 -3.6523981089e+01
1.6721964949e+03 -1.6496157031e-01 1.6449456058e-01
1.0081183110e-01 2.3916342155e-01 -9.6573176012e-01
-3.1956106137e-01 9.2702678114e-01 1.9621945651e-01
9.4218772162e-01 2.8882902355e-01 1.6988258412e-01
1.6873925480e+00 4.3294058357e+00 -3.3435067886e+01
1.6715541760e+03 -1.5790318971e-01 1.7390611894e-01
2.4957389974e-01 2.0326803402e-01 -9.4678137652e-01
-2.7523579981e-01 9.5228590205e-01 1.3189698733e-01
9.2841699848e-01 2.2767008391e-01 2.9361234616e-01
3.3413696141e+00 3.0415873914e+00 -3.1290790227e+01
1.6738154559e+03 -1.6179567107e-01 2.1499751364e-01
3.9859815977e-01 1.9632522581e-01 -8.9586601272e-01
-2.6546372565e-01 9.5970196435e-01 9.2201681010e-02
8.7786588804e-01 2.0106850904e-01 4.3465266280e-01
5.2922968035e+00 3.3308406035e+00 -3.0104184060e+01
1.6751018250e+03 -1.5835707906e-01 2.2289565831e-01
5.7926265912e-01 2.1060687801e-01 -7.8746397675e-01
-2.7670585608e-01 9.5948820483e-01 5.3068389863e-02
7.6673896533e-01 1.8715535719e-01 6.1407184540e-01
5.5971502894e+00 4.2068645437e+00 -2.9476807057e+01
1.6705786370e+03 -1.1396781872e-01 1.1373836159e-01
7.1862234418e-01 1.6097668453e-01 -6.7651196107e-01
-2.2040861557e-01 9.7540551728e-01 -2.0295424612e-03
6.5954679032e-01 1.5056753932e-01 7.3642884754e-01
7.0603241674e+00 5.0569234543e+00 -3.0644078620e+01
1.6814033171e+03 -1.6066839680e-01 2.0327332790e-01
8.1700403376e-01 1.4093030583e-01 -5.5914493445e-01
-1.7391947210e-01 9.8474205357e-01 -5.9249601937e-03
5.4977852454e-01 1.0208690820e-01 8.2904875437e-01
8.6384232918e+00 5.3521149136e+00 -3.3098787513e+01
1.6766580443e+03 -1.4259914613e-01 1.6132553378e-01
9.1763559115e-01 9.8547735682e-02 -3.8501073445e-01
-1.1432358715e-01 9.9327611959e-01 -1.8239179721e-02
3.8062453845e-01 6.0752728717e-02 9.2273184983e-01
8.5672506284e+00 5.3689166364e+00 -3.4571871883e+01
1.6777427334e+03 -1.5222872496e-01 1.9042766484e-01
9.4904551364e-01 8.4881792908e-02 -3.0349249457e-01
-9.8402613066e-02 9.9470906467e-01 -2.9509361153e-02
2.9938192793e-01 5.7870181324e-02 9.5237676544e-01
1.2176761283e+01 5.9925794399e+00 -3.5864061278e+01
1.6764001425e+03 -1.5455555850e-01 2.0830629242e-01
9.8580636819e-01 5.0211524459e-02 -1.6020177045e-01
-5.4651059442e-02 9.9823070760e-01 -2.3424690160e-02
1.5874213728e-01 3.1847405213e-02 9.8680630148e-01
1.2463309450e+01 6.0749994945e+00 -3.7802964846e+01
1.6708750736e+03 -1.3656644030e-01 1.6121687317e-01
9.9977155875e-01 -1.9587612951e-02 8.5531130214e-03
1.9949167376e-02 9.9881198355e-01 -4.4459557355e-02
-7.6720951810e-03 4.4620028441e-02 9.9897457026e-01
1.2980772813e+01 7.6322257287e+00 -3.8753185994e+01
1.6683024651e+03 -1.3186852602e-01 1.4262003838e-01
9.8761483424e-01 -4.3391240164e-02 1.5077844499e-01
4.9845890542e-02 9.9798362397e-01 -3.9294700360e-02
-1.4876937317e-01 4.6323714848e-02 9.8778630637e-01
1.4154169127e+01 7.6585424206e+00 -3.9089423253e+01
1.6696129646e+03 -1.5607478575e-01 1.9427577495e-01
9.5247220051e-01 -9.1413001355e-02 2.9058625300e-01
9.6315725970e-02 9.9534748364e-01 -2.5821957497e-03
-2.8899824944e-01 3.0447495582e-02 9.5684531761e-01
1.3565544650e+01 7.4235004663e+00 -4.1053422086e+01
1.6645950288e+03 -1.4660227619e-01 1.6755968962e-01
8.9609156340e-01 -1.1339413408e-01 4.2914063005e-01
1.2158308611e-01 9.9254582148e-01 8.3872185268e-03
-4.2689280056e-01 4.4660526414e-02 9.0319874569e-01
1.3753383479e+01 8.0164634931e+00 -4.2566068429e+01
1.6607720532e+03 -1.3258445993e-01 1.1612825929e-01
8.0103733364e-01 -1.3175947625e-01 5.8393375525e-01
1.3660390586e-01 9.8997191451e-01 3.5985849858e-02
-5.8281949436e-01 5.0941622510e-02 8.1100332187e-01
1.3090107618e+01 8.0245719531e+00 -4.5457772302e+01
0 0 0
0 0 0
0 0 0
0 0 0
0 0 0
0 0 0
0 0 0
0 0 0
0 0 0
0 0 0
0 0 0
0 0 0
0 0 0
0 0 0
0 0 0
0 0 0
0 0 0
0 0 0
0 0 0
0 0 0
0 0 0
0 0 0
0 0 0
0 0 0
0 0 0
0 0 0
0 0 0
0 0 0
0 0 0
0 0 0
0 0 0
0 0 0
0 0 0
0 0 0
0 0 0
0 0 0
0 0 0
0 0 0
0 0 0
0 0 0
0 0 0
0 0 0
0 0 0
0 0 0
0 0 0
0 0 0
0 0 0
0 0 0
0 0 0
0 0 0
0 0 0
0 0 0
0 0 0
0 0 0
0 0 0
0 0 0
0 0 0
0 0 0
0 0 0
0 0 0
0 0 0
0 0 0
0 0 0
0 0 0
0 0 0
0 0 0
0 0 0
0 0 0
0 0 0
0 0 0
0 0 0
0 0 0
0 0 0
0 0 0
0 0 0
0 0 0
0 0 0
0 0 0
0 0 0
0 0 0
0 0 0
0 0 0
0 0 0
0 0 0
0 0 0
0 0 0
0 0 0
0 0 0
0 0 0
0 0 0
0 0 0
0 0 0
0 0 0
0 0 0
0 0 0
0 0 0
0 0 0
0 0 0
0 0 0
0 0 0
0 0 0
0 0 0
0 0 0
0 0 0
0 0 0
0 0 0
0 0 0
0 0 0
0 0 0
0 0 0
0 0 0
0 0 0
0 0 0
0 0 0
0 0 0
0 0 0
0 0 0
0 0 0
0 0 0
0 0 0
1.6616924413e+03 -1.1478459828e-01 1.1914375776e-01
7.3371457955e-01 1.5326635604e-01 -6.6194587382e-01
-2.3500353256e-01 9.7134313334e-01 -3.5578884173e-02
6.3752353324e-01 1.8166436475e-01 7.4870675377e-01
6.0583219338e+00 -2.0836994656e-01 -1.3958454095e+01
0 0 0
0 0 0
0 0 0
0 0 0
0 0 0
0 0 0
0 0 0
0 0 0
0 0 0
0 0 0
0 0 0
0 0 0
0 0 0
0 0 0
0 0 0
0 0 0
0 0 0
0 0 0
0 0 0
0 0 0
0 0 0
0 0 0
0 0 0
0 0 0
0 0 0
0 0 0
0 0 0
0 0 0
0 0 0
0 0 0
0 0 0
0 0 0
0 0 0
0 0 0
0 0 0
0 0 0
0 0 0
0 0 0
0 0 0
0 0 0
0 0 0
0 0 0
0 0 0
0 0 0
0 0 0
0 0 0
0 0 0
0 0 0
0 0 0
0 0 0
0 0 0
0 0 0
0 0 0
0 0 0
0 0 0
0 0 0
0 0 0
0 0 0
0 0 0
0 0 0
0 0 0
0 0 0
0 0 0
0 0 0
0 0 0
0 0 0
0 0 0
0 0 0
0 0 0
0 0 0
0 0 0
0 0 0
0 0 0
0 0 0
0 0 0
0 0 0
0 0 0
0 0 0
0 0 0
0 0 0
0 0 0
0 0 0
0 0 0
0 0 0
0 0 0
0 0 0
0 0 0
0 0 0
0 0 0
0 0 0
0 0 0
0 0 0
0 0 0
0 0 0
0 0 0
0 0 0
0 0 0
0 0 0
0 0 0
0 0 0
0 0 0
0 0 0
0 0 0
0 0 0
0 0 0
0 0 0
0 0 0
0 0 0
0 0 0
0 0 0
0 0 0
0 0 0
0 0 0
0 0 0
0 0 0
0 0 0
0 0 0
0 0 0
0 0 0
0 0 0
0 0 0
0 0 0
0 0 0
0 0 0
0 0 0
0 0 0
0 0 0
0 0 0
0 0 0
0 0 0
0 0 0
0 0 0
0 0 0
0 0 0
0 0 0
0 0 0
0 0 0
0 0 0
0 0 0
0 0 0
0 0 0
0 0 0
0 0 0
0 0 0
0 0 0
0 0 0
0 0 0
0 0 0
0 0 0
0 0 0
0 0 0
0 0 0
0 0 0
0 0 0
0 0 0
0 0 0
0 0 0
0 0 0
0 0 0
0 0 0
0 0 0
0 0 0
0 0 0
0 0 0
0 0 0
0 0 0
0 0 0
0 0 0
0 0 0
0 0 0
4.7812292001e+03 6.2650540281e-02 8.1086386543e-04
4.1193001769e-02 2.3408774586e-01 -9.7134240299e-01
-1.4399494966e-01 9.6340961082e-01 2.2606940585e-01
9.8872068405e-01 1.3055592299e-01 7.3393186985e-02
-1.7009578818e-01 -1.4954847287e+00 -4.9059327234e+01
4.8897553898e+03 -6.8039454796e-02 -9.5875150610e-04
2.7996772921e-01 2.6574020973e-01 -9.2249672711e-01
-1.7470817987e-01 9.5898184257e-01 2.2322830805e-01
9.4397834853e-01 9.8671001629e-02 3.1491095717e-01
4.4097520782e+00 2.9732673197e-01 -4.9064330544e+01
4.7709287969e+03 8.8641880236e-02 7.0961887955e-04
5.3167334741e-01 1.7539770048e-01 -8.2858861826e-01
-1.3550780689e-01 9.8333467317e-01 1.2120459898e-01
8.3603892608e-01 4.7838971613e-02 5.4658059504e-01
4.8492534297e+00 2.7482297936e-01 -4.6877800985e+01
4.7925461772e+03 4.8791192770e-02 3.9976552330e-03
6.9200053218e-01 6.0534736288e-02 -7.1935443918e-01
-4.0401455159e-02 9.9816373626e-01 4.5131785262e-02
7.2076555542e-01 -2.1682533016e-03 6.9317552813e-01
7.7114163387e+00 8.8040292619e-01 -4.7774952729e+01
4.8105985823e+03 5.4541142649e-02 7.6594895542e-03
8.5080917689e-01 1.2921005605e-01 -5.0934124705e-01
-6.5986628044e-02 9.8789560958e-01 1.4038528945e-01
5.2131517285e-01 -8.5831381150e-02 8.4903678634e-01
1.0479884638e+01 1.1510081172e+00 -6.6230273854e+01
4.8085023085e+03 5.8678741194e-02 -2.1685041819e-05
9.8816514485e-01 4.4926252138e-02 -1.4666723685e-01
-2.3868491042e-02 9.8953634021e-01 1.4229591189e-01
1.5152538279e-01 -1.3711113476e-01 9.7889764281e-01
7.9132375218e+00 3.4676641454e-01 -5.9189201329e+01
4.7935928315e+03 1.1470963362e-01 6.5638610351e-03
9.5364484962e-01 7.4127634944e-02 -2.9166178106e-01
-2.7077761753e-02 9.8639260140e-01 1.6216174248e-01
2.9971368940e-01 -1.4674716231e-01 9.4267543446e-01
1.6922421636e+01 -8.4343011408e-01 -5.7177011079e+01
4.7858127580e+03 9.8126551220e-02 2.4627594263e-03
9.6262941540e-01 -4.9460407644e-02 2.6626730305e-01
1.0961748883e-02 9.8949177690e-01 1.4417303321e-01
-2.7060016382e-01 -1.3586644737e-01 9.5305606331e-01
6.1279990883e+00 1.5961897431e+00 -5.9581750795e+01
0 0 0
0 0 0
0 0 0
0 0 0
0 0 0
0 0 0
0 0 0
0 0 0
0 0 0
0 0 0
4.7902044797e+03 2.5990361014e-02 1.8146356909e-03
7.5420065874e-01 -1.7945056519e-01 6.3164773490e-01
5.1458689794e-02 9.7512714656e-01 2.1559000740e-01
-6.5462460204e-01 -1.3009436075e-01 7.4467582726e-01
4.9031817866e+00 4.6074873240e-01 -7.2677563614e+01
0 0 0
0 0 0
0 0 0
0 0 0
0 0 0
0 0 0
0 0 0
0 0 0
0 0 0
0 0 0
0 0 0
0 0 0
0 0 0
0 0 0
0 0 0
0 0 0
0 0 0
0 0 0
0 0 0
0 0 0
0 0 0
0 0 0
0 0 0
0 0 0
0 0 0
0 0 0
0 0 0
0 0 0
0 0 0
0 0 0
0 0 0
0 0 0
0 0 0
0 0 0
0 0 0
0 0 0
0 0 0
0 0 0
0 0 0
0 0 0
0 0 0
0 0 0
0 0 0
0 0 0
0 0 0
0 0 0
0 0 0
0 0 0
0 0 0
0 0 0
0 0 0
0 0 0
0 0 0
0 0 0
0 0 0
0 0 0
0 0 0
0 0 0
0 0 0
0 0 0
0 0 0
0 0 0
0 0 0
0 0 0
0 0 0
0 0 0
0 0 0
0 0 0
0 0 0
0 0 0
0 0 0
0 0 0
0 0 0
0 0 0
0 0 0
0 0 0
0 0 0
0 0 0
0 0 0
0 0 0
0 0 0
0 0 0
0 0 0
0 0 0
0 0 0
0 0 0
0 0 0
0 0 0
0 0 0
0 0 0
-2.3300716828e+01 -2.4745893871e+00 -2.0857191154e-01
23 22 25
7 18 269 -404.3000 185.7900 19 247 -405.0100 130.4300 17 345 -436.5900 199.6500 20 137 -348.2700 137.6300 16 475 -420.7900 193.7200 21 164 -275.6900 123.5600 87 250 -406.2100 -202.9100
-3.9390041506e+01 3.3935358240e+01 -1.0724941740e+02
192 190 175
5 18 967 -503.0700 519.9900 19 941 -720.0200 465.7700 17 852 -319.3000 519.7200 16 1168 -83.0900 496.4900 12 832 708.6500 587.0300
-2.0341895043e+01 2.3439297228e+01 -7.0222864433e+01
130 128 100
11 18 2250 -275.9500 516.8800 19 2153 -456.3900 466.3000 17 1916 -128.7800 517.4600 20 1440 -628.2000 475.5500 16 1709 73.1900 487.2300 15 1632 248.5100 513.1300 14 1795 300.5100 503.9200 13 1789 565.8900 530.1200 86 547 -30.2000 502.7700 12 1246 771.8700 574.6300 87 602 714.1600 413.8000
-6.5424782514e+00 -4.1131948532e+00 7.5107602650e+00
214 232 217
15 18 6644 480.2200 156.9200 19 3151 507.5100 138.1000 17 5451 347.6200 161.9300 20 6197 571.6400 158.6000 88 758 193.9500 -139.4000 16 4193 242.9200 113.9600 91 1148 420.2400 -173.3400 21 5906 584.0100 152.7300 14 3711 -40.8900 104.3700 13 4001 -80.6000 130.0000 86 1192 14.3800 -230.1900 12 3806 -187.5000 136.8900 87 678 766.5300 -328.1300 85 2748 41.7300 -109.5600 84 977 -249.5500 -266.8600
-3.8434873919e+01 3.5188514309e+01 -1.0603162248e+02
187 187 172
5 18 975 -494.1800 539.3300 19 953 -710.8400 485.8300 17 1260 -310.9100 538.2600 15 1095 122.7600 540.9200 13 1231 490.9800 559.4800
-3.8434873919e+01 3.5188514309e+01 -1.0603162248e+02
187 187 172
5 18 976 -494.1800 539.3300 19 954 -710.8400 485.8300 17 1261 -310.9100 538.2600 15 1096 122.7600 540.9200 13 1232 490.9800 559.4800
-2.0331432885e+01 2.3415676962e+01 -7.0137763985e+01
130 128 100
9 18 2251 -275.9500 516.8800 19 2154 -456.3900 466.3000 17 1917 -128.7800 517.4600 16 1710 73.1900 487.2300 15 1634 248.5100 513.1300 14 1797 300.5100 503.9200 13 1791 565.8900 530.1200 86 548 -30.2000 502.7700 87 603 714.1600 413.8000
-2.0566659285e+01 2.3559596565e+01 -7.0139966858e+01
253 242 218
9 18 4028 -279.7600 518.8700 19 3581 -460.3400 468.3900 17 3246 -132.4000 519.5000 20 3788 -632.4000 477.7200 16 2716 69.7700 489.2300 15 2651 245.1899 515.2000 13 2897 562.1899 532.1700 86 1131 -38.3000 508.2100 87 1242 706.0699 419.1400
-2.4550911011e+01 -2.9510225967e+00 -8.2082878748e-01
181 191 195
4 18 403 -457.7700 159.7200 19 356 -463.8800 100.6100 17 479 -481.0600 176.5100 21 232 -344.2700 89.1800
-1.1522388399e+01 -3.8267539028e+00 5.2457378917e+00
149 164 172
12 18 95 190.8500 158.6000 19 89 224.9399 127.7100 17 138 79.2200 166.3600 88 47 -316.2100 -144.5400 16 212 4.5600 132.7000 91 58 16.2100 -212.7300 15 295 -31.1700 150.8500 21 168 352.9500 136.8800 14 309 -214.0800 133.1200 86 89 -384.8200 -211.1100 87 111 357.6500 -301.2300 85 320 -178.5900 -84.1500
-8.7694202885e+00 -3.6891752387e+00 6.5320305370e+00
221 228 232
10 18 172 349.1000 171.2000 19 147 380.6400 145.7500 17 220 223.4800 178.7400 88 84 -36.9500 -116.2400 16 214 131.6400 138.8900 91 144 240.0900 -174.2400 15 217 80.5500 156.0100 14 310 -123.1000 137.9100 86 128 -168.0000 -191.6700 87 151 577.1300 -285.5100
-2.3780079330e+01 -2.1390132591e+00 -3.3887564167e-01
75 73 72
4 18 273 -426.3900 199.9700 19 253 -429.2000 143.3100 20 141 -375.7700 150.8600 21 169 -303.2200 136.8200
-9.7442602521e+00 -4.1067029109e+00 5.9591214786e+00
212 209 200
8 18 256 291.5900 145.7700 19 244 324.5400 118.6100 17 216 170.6500 154.5500 20 214 399.6200 136.1900 16 207 84.5600 118.0300 15 288 38.8600 135.7000 14 424 -155.5600 116.5100 87 145 498.4000 -322.2400
-1.1138642836e+01 -3.8171410919e+00 5.4474881800e+00
66 68 72
11 18 402 213.8800 159.1400 19 369 247.9600 129.0800 17 335 98.2800 167.1900 20 526 327.2400 146.7000 16 316 20.3900 133.4500 91 283 48.8500 -208.0800 15 403 -18.3600 152.7800 21 577 372.9500 139.2500 14 429 -203.4900 135.0400 86 203 -354.9700 -209.5700 87 232 387.7500 -300.5300
-3.3526229469e+01 3.5992348822e+01 -1.0364953669e+02
247 245 233
5 18 700 -437.8000 557.5000 19 458 -650.3000 504.8900 17 610 -258.7600 556.6700 15 509 172.2600 558.0300 14 553 248.7600 549.1100
-2.3560089235e+01 -4.0924750577e+00 -6.3952435802e-01
204 208 212
4 18 790 -410.5900 110.1000 19 534 -410.8400 51.0000 20 506 -356.3700 53.7900 21 551 -286.3000 37.7200
-8.5706425781e+00 -4.5228304162e+00 6.4756528531e+00
162 170 181
9 18 569 359.7200 129.1300 19 548 391.9100 106.0600 17 469 233.9600 136.4700 20 518 463.4500 125.8000 88 255 -16.6100 -193.4700 16 636 139.7600 95.2000 91 389 259.4399 -232.3200 15 565 87.3600 110.2400 14 623 -116.6300 90.2600
-2.4062719164e+01 -2.1227421898e+00 -4.2091783455e-01
253 254 251
7 18 413 -439.2500 198.7600 19 376 -442.8600 141.0500 17 492 -466.6100 213.2900 16 481 -444.6600 207.8300 15 418 -407.9200 238.9100 14 667 -506.4100 226.0500 85 459 -612.7700 36.7200
-3.5930343103e+01 3.8471526545e+01 -1.0365929829e+02
190 187 179
6 18 706 -468.8200 587.4200 19 686 -684.6800 536.0400 17 614 -287.5100 584.4600 16 832 -50.3200 558.2300 15 753 147.5000 585.8300 14 802 224.5200 576.9200
-6.8899346241e+00 -3.1608083013e+00 7.7992265023e+00
221 230 231
11 18 585 467.5699 208.4600 19 560 495.5000 187.1600 17 490 332.3900 212.9100 20 530 563.3800 205.9400 88 128 168.7500 -49.8600 16 467 228.1300 165.7300 91 215 402.6700 -101.6300 15 581 163.3400 180.7200 21 904 579.0601 196.8400 14 965 -60.0500 161.6200 85 878 17.0300 -29.2200
-2.1845890529e+01 -2.9471075801e+00 6.2232852263e-01
121 137 146
7 18 582 -337.7800 169.6400 19 551 -328.9600 116.2800 17 715 -383.1000 183.9800 16 960 -380.5500 175.5500 15 1393 -356.8700 205.0900 14 1519 -468.2500 191.2300 87 359 -328.9800 -234.1000
-3.2218100875e+00 2.7815132566e+01 -8.6772286869e+01
144 140 140
8 18 2252 -44.4000 518.5800 19 2158 -232.5400 471.5000 17 1920 112.5700 521.4100 20 2258 -407.8800 477.2700 16 1707 329.5900 483.3800 15 2647 526.3400 508.5900 14 1792 598.8600 500.8500 86 550 606.6400 505.3400
-4.3278418460e+00 -1.8586990037e+00 7.9819029775e+00
239 243 243
7 18 3473 596.6100 282.0600 19 5783 606.3101 261.4200 17 2842 468.1200 285.1600 16 2379 369.3000 231.1400 15 2359 308.0800 243.0400 14 2396 77.2700 223.2500 86 1235 221.4700 -23.6200
9.2717564977e+00 2.6409577203e+01 -7.9067607616e+01
236 237 221
5 18 332 143.9900 528.1500 19 306 -41.7400 484.2400 17 281 296.7700 531.8400 16 269 514.2700 488.0200 15 184 720.3500 513.2000
-9.4496509067e+00 -4.5090942615e+00 5.9179117624e+00
8 9 11
8 18 157 306.0500 127.1300 19 134 338.2800 101.6700 17 130 185.8500 135.1300 20 130 411.6000 120.9800 88 43 -110.1400 -199.6700 16 201 98.3600 97.0600 91 85 181.1000 -244.7300 15 211 51.6100 113.6000
-9.4514744054e+00 -4.5093532389e+00 5.9229720053e+00
8 9 11
8 18 158 306.0500 127.1300 19 135 338.2800 101.6700 17 131 185.8500 135.1300 88 44 -110.1400 -199.6700 16 202 98.3600 97.0600 15 212 51.6100 113.6000 86 122 -221.6000 -270.0600 87 143 522.1801 -363.8300
-8.0786219125e+00 -3.8682319702e+00 6.7377602995e+00
16 17 17
9 18 168 387.1400 165.7000 19 146 417.1100 142.5400 17 139 260.2700 171.7600 20 142 487.3300 161.4000 88 83 31.5400 -127.8500 16 211 165.5500 128.0000 91 89 291.9600 -175.6500 15 214 111.9300 141.5800 87 110 635.8101 -306.2800
-2.3700563538e+01 -3.8121622464e+00 -6.9004251800e-01
18 20 22
3 18 250 -417.6000 122.5700 19 223 -418.8700 63.8000 17 320 -446.5600 141.9000
-2.4538378556e+01 -3.7828879114e+00 -1.0619415751e+00
249 250 252
5 18 392 -454.0100 121.9900 19 348 -459.6700 60.9000 17 321 -476.8200 142.0000 16 460 -454.2300 142.5800 21 336 -342.8200 44.5800
-2.4474592879e+01 -2.4572691554e+00 -6.6268997800e-01
225 232 236
3 18 409 -456.1800 182.9300 19 368 -462.1700 124.8900 20 212 -411.0900 130.2200
-2.9633124749e+01 3.1220861789e+01 -1.0226621662e+02
163 165 155
3 18 324 -389.1700 505.7200 19 300 -595.0200 452.0100 15 358 208.9500 506.2400
9.2512168431e+00 2.8336581643e+01 -7.8082858514e+01
182 180 175
6 18 699 145.4400 558.6600 19 681 -40.5800 515.0000 17 611 298.4800 562.8000 20 663 -207.9600 518.8700 16 576 517.5100 519.6200 15 367 724.5000 546.7600
-2.3327914999e+01 -3.1382987218e+00 -3.0142943783e-01
254 255 252
5 18 260 -403.4200 154.2300 19 235 -403.0600 97.1000 17 337 -436.0700 171.7500 16 324 -421.3400 167.8500 15 412 -388.7700 199.4600
-2.3560089235e+01 -4.0924750577e+00 -6.3952435802e-01
204 208 212
4 18 791 -410.5900 110.1000 19 535 -410.8400 51.0000 20 507 -356.3700 53.7900 21 552 -286.3000 37.7200
-8.8304491127e+00 -4.6045411398e+00 6.3406802690e+00
162 169 181
8 18 567 344.6100 124.2500 19 543 377.2700 100.4700 17 467 219.9800 131.8200 20 807 449.7000 119.9400 88 253 -43.6100 -202.7200 16 635 127.0600 91.3100 91 385 239.1400 -242.4700 15 563 75.9200 106.7800
-1.2067835104e+01 -4.2187585932e+00 4.5656957019e+00
67 68 68
4 18 794 157.4700 134.9700 19 802 188.6400 102.5800 16 452 -18.1700 114.2800 15 569 -48.2400 134.7400
-2.3929436506e+01 -3.9878335733e+00 -8.6733718837e-01
251 251 250
7 18 249 -427.0900 113.6900 19 221 -429.4000 52.8900 17 319 -454.0000 134.5200 20 200 -377.0800 53.8000 16 457 -435.7400 134.4900 15 574 -399.5000 167.4300 87 227 -441.3900 -316.0500
-2.3244074859e+01 -3.5229672350e+00 -4.4642743968e-01
43 44 46
7 18 254 -398.0500 136.8100 19 226 -397.6100 79.0800 17 328 -430.7400 154.6800 20 122 -342.3000 83.3300 16 462 -416.6600 151.8400 15 584 -384.7200 184.2400 87 234 -402.4100 -281.2400
-2.2996562659e+01 -2.6724660545e+00 -5.4141994472e-02
173 182 190
8 18 406 -390.4400 177.9000 19 366 -388.5700 122.4400 17 485 -425.3200 192.3900 20 211 -330.4000 129.3300 16 658 -412.2200 185.9300 15 599 -381.1800 216.0700 21 238 -256.9500 115.1900 87 364 -390.6900 -216.3400
-2.4668266049e+01 -2.6446557954e+00 -8.3643871162e-01
26 26 30
8 18 267 -463.4800 173.7300 19 239 -470.8100 115.2700 17 339 -485.7600 189.0800 20 131 -421.4600 120.4200 16 470 -460.5200 186.3300 15 600 -421.0700 218.0200 21 161 -352.5800 105.2700 87 246 -484.4600 -217.4900
-2.4667449385e+01 -2.6493219899e+00 -8.3341721605e-01
26 26 30
7 18 268 -463.4800 173.7300 19 240 -470.8100 115.2700 17 340 -485.7600 189.0800 20 132 -421.4600 120.4200 16 471 -460.5200 186.3300 15 601 -421.0700 218.0200 87 247 -484.4600 -217.4900
-2.3510460089e+01 -2.1684619265e+00 -1.1696106042e-01
213 221 225
4 18 805 -414.8500 199.5000 19 810 -415.8400 143.8400 20 822 -359.1600 151.7500 21 895 -285.8000 137.9300
-2.5941828525e+01 -6.1759385204e+00 5.3056320106e+01
77 67 78
2 18 1915 313.9399 180.0500 19 3150 -469.0200 136.5600
-1.7482830780e+01 -6.8137764041e-01 3.3952679024e+00
253 255 255
8 18 1210 -129.1500 298.9100 19 1196 -103.7200 255.7600 17 1036 -210.4100 304.0800 20 1232 -19.7700 270.2800 16 979 -239.1200 280.9000 91 595 -491.0600 -31.3300 15 910 -241.1900 305.3600 87 496 -63.7600 -38.8600
-3.7648478934e+01 3.6223414222e+01 -1.0586476835e+02
204 198 187
5 18 1417 -485.4700 551.7100 19 1404 -701.5000 498.9399 17 1266 -302.5800 550.6801 16 1197 -66.5900 525.2700 15 1676 132.2000 554.2200
-2.4930677724e+01 -2.8199709485e+00 -9.9234166386e-01
252 251 249
6 18 1912 -474.5300 164.9600 19 1857 -482.6700 104.7000 20 1213 -435.2100 109.2200 15 2342 -425.8800 212.0400 21 3372 -366.4200 91.7300 87 956 -499.0400 -228.9600
-2.1968657584e+01 2.8084500596e+01 -6.9845702764e+01
94 90 81
5 18 7527 -305.0400 590.9399 19 3601 -489.7000 541.5500 17 6381 -155.4900 588.9100 16 4900 51.4300 558.0400 15 4722 228.7200 585.5601
-2.1055108495e+01 -3.9164971583e+00 -2.0213267356e-01
10 12 11
5 18 6 -295.8100 123.8600 19 6 -289.2400 71.2900 17 10 -342.7300 139.3400 20 4 -234.4500 78.0600 16 11 -339.3900 132.3500
-8.6581515936e+00 -4.1854521458e+00 6.4125057303e+00
166 177 183
4 18 23 353.5000 146.9400 19 21 384.3900 123.4900 17 19 229.4200 153.3100 16 20 135.9700 111.3000
-8.7666210718e+00 -4.3756094036e+00 6.4370716904e+00
161 173 189
7 18 162 349.7900 136.2100 19 138 381.4200 112.5000 17 135 223.5900 143.8600 20 133 454.3700 132.0000 88 46 -36.4500 -180.2100 16 135 130.3500 103.0700 91 86 244.1000 -223.2800
-8.8443414360e+00 -4.8855583581e+00 6.2298104866e+00
158 167 175
8 18 248 342.2500 109.6900 19 232 375.0800 86.0500 17 211 218.5000 116.9900 20 206 447.0800 106.5600 88 75 -46.1400 -232.2600 16 199 126.0400 77.3400 91 136 236.7000 -265.2100 86 119 -175.2200 -302.5300
-9.2834914553e+00 -4.2771730385e+00 6.1872191035e+00
169 181 189
9 18 163 318.0400 140.4300 19 140 351.3400 115.3000 17 213 194.5500 148.2600 20 135 425.0400 134.6000 88 79 -89.8300 -175.0700 16 204 105.4200 109.3100 91 138 202.0000 -222.3400 86 123 -209.8000 -248.3900 87 144 534.0699 -342.7100
1.2237628379e+01 1.6283036239e+01 -5.2287240848e+01
250 247 236
5 18 315 316.2200 476.6600 19 443 149.7400 437.1200 17 266 444.0300 481.3101 88 97 132.6800 428.8700 16 261 634.6600 431.3800
1.2145215161e+01 1.7212118998e+01 -5.2259283456e+01
252 253 245
5 18 320 313.8400 492.5800 19 449 146.4600 453.0701 17 271 442.0200 497.2500 88 101 127.8400 469.1200 16 264 633.3900 446.4700
-8.6485903921e+00 -4.7027430599e+00 6.3916695441e+00
125 129 126
6 18 388 355.0000 119.4100 19 355 387.1200 96.2500 17 314 229.4800 126.9900 88 110 -25.0700 -211.3400 16 294 135.6400 86.4200 91 202 253.3400 -248.2600
-8.4345822172e+00 -4.3896495866e+00 6.5758831860e+00
98 98 96
7 18 397 368.1600 136.4500 19 358 400.0000 113.5800 17 322 241.5800 143.6600 20 336 471.5900 133.2700 88 115 -2.3600 -179.5900 16 302 146.7000 102.0100 91 204 270.2100 -220.3700
-9.0395290271e+00 -4.1459848254e+00 6.3694330341e+00
132 137 135
8 18 399 333.5400 147.5000 19 364 366.6899 123.1600 17 326 209.0300 155.3400 20 340 440.4100 142.0100 88 118 -63.9600 -160.0000 16 305 117.7900 115.3600 91 208 222.0100 -208.5300 21 362 471.9000 136.0800
-9.0384734018e+00 -4.1459934223e+00 6.3654016745e+00
132 137 135
7 18 400 333.5400 147.5000 19 365 366.6899 123.1600 17 327 209.0300 155.3400 20 341 440.4100 142.0100 88 119 -63.9600 -160.0000 16 306 117.7900 115.3600 91 209 222.0100 -208.5300
-8.3038674252e+00 -4.0318165906e+00 6.6950393732e+00
237 238 240
6 18 580 376.3600 155.6600 19 807 407.5500 131.8700 17 477 249.2700 162.8600 88 185 10.2100 -143.6100 16 310 154.3700 121.0900 91 587 279.0800 -191.5500
-8.6803368918e+00 -4.0368192177e+00 6.5641808348e+00
121 125 125
7 18 401 354.6700 154.6300 19 370 387.2200 130.4200 17 329 228.7400 161.8500 20 342 460.1300 149.5200 88 121 -26.7400 -146.8200 16 311 135.2300 120.9300 91 210 250.9000 -195.4800
-2.4758005956e+01 -4.2302540293e+00 -1.0826995231e+00
129 122 116
4 18 387 -463.0200 101.1500 19 217 -467.9800 38.7700 17 313 -485.3000 122.9800 16 454 -462.3400 124.9400
1.5496592036e+01 1.3763094730e+01 -4.7170936494e+01
211 209 122
5 18 923 409.1600 451.5900 19 903 244.2700 415.1700 17 813 533.4000 456.5300 88 222 337.9200 371.7800 16 524 721.5800 402.7700
-8.2815507766e+00 -5.5624551850e+00 6.3029913751e+00
46 49 55
8 18 559 372.8900 75.3300 19 536 404.6000 54.0800 17 462 248.3400 83.2000 20 508 473.4399 75.2900 88 251 9.9900 -292.4500 16 630 152.5100 42.2600 91 279 281.8500 -312.4900 21 878 498.6801 74.0300
-7.6644211459e+00 -4.3448394862e+00 6.8785856715e+00
41 48 54
5 18 574 411.9399 140.2400 19 552 441.5000 118.2500 17 703 283.7000 147.6000 88 258 75.8700 -170.1900 16 637 185.3500 103.7000
-2.3987954903e+01 -3.7482448512e+00 -8.2558661605e-01
205 206 208
4 18 565 -430.2400 124.7800 19 349 -433.2100 66.4800 17 474 -457.1100 143.6100 16 646 -438.1800 141.8800
-8.8787827982e+00 -3.3789105322e+00 6.5755744916e+00
186 199 211
5 18 803 343.8199 188.9800 19 814 375.4301 163.5900 17 720 217.9800 195.0100 20 824 449.1000 181.8800 16 652 126.7400 154.2900
1.7518638368e+01 1.3369689287e+01 -4.5626475095e+01
111 113 61
5 18 922 457.0100 450.7000 19 901 290.9500 415.4400 17 812 581.8101 455.5400 88 221 444.9900 368.8800 16 747 772.7500 400.3400
1.4864426879e+01 1.4347205334e+01 -4.8378316144e+01
101 85 54
5 18 1361 389.1400 457.4299 19 1341 223.4100 420.7800 17 1204 513.8500 462.2000 88 324 293.5800 385.2500 16 750 702.8700 409.3100
1.6020719525e+01 1.0673391951e+01 -4.2588217087e+01
184 183 127
5 18 1288 456.6899 410.7400 19 1257 296.6200 377.3600 17 1143 574.8300 414.8200 88 411 437.7500 280.1000 16 1030 755.8101 357.7200
1.2718635957e+01 1.1654492399e+01 -4.5219909780e+01
206 197 101
6 18 1296 374.7600 419.9400 19 1269 216.4200 384.0400 17 1151 493.1000 423.5300 20 2069 83.2600 387.2900 88 417 255.4100 300.0100 16 1054 671.9200 369.8500
1.7565026619e+01 1.2438980107e+01 -4.4379508974e+01
113 110 57
6 18 2110 468.4800 438.3600 19 2051 303.7800 403.8500 17 1816 591.7800 442.9600 88 441 469.1000 341.1600 16 1080 780.5100 386.5300 91 657 -488.2800 157.2900
1.5025480131e+01 1.5342040561e+01 -4.9759647898e+01
248 247 141
4 18 2191 380.9700 469.9900 19 2107 214.2800 432.6000 17 1875 508.5601 474.7200 16 1124 700.1000 422.4500
-1.0963826427e+01 -2.7350135518e+00 6.0449237368e+00
187 207 212
10 18 1921 229.4100 218.1500 19 1872 264.7700 187.7600 17 1621 108.4600 224.5900 20 3365 346.9100 204.7800 88 531 -254.3200 -34.1900 16 1451 28.0500 188.7300 91 1154 74.2800 -115.2700 21 3393 392.7100 194.5900 86 596 -346.9300 -110.0700 87 698 396.7500 -200.7600
-2.2063921585e+01 -1.6684527669e+00 1.0847364956e+00
168 190 206
5 18 1923 -351.8600 230.8500 19 1869 -343.3200 179.0300 17 1623 -397.6300 241.2200 16 1464 -392.6600 230.0300 87 963 -350.0900 -131.9200
1.1868532996e+01 1.4334903779e+01 -4.9337897223e+01
139 145 80
6 18 1354 329.7700 453.6500 19 1325 167.2700 415.9800 17 1842 453.0900 457.7000 20 1365 28.8100 418.5500 88 453 158.4900 377.0600 16 1621 638.2500 406.4600
1.1883163883e+01 1.1458105213e+01 -4.5048028098e+01
232 224 138
5 18 3689 361.1400 416.6200 19 3351 203.8200 380.5400 17 3012 478.1600 420.0900 88 858 223.2100 293.2800 16 2495 654.4301 366.7300
1.2263578725e+01 1.1428422816e+01 -4.4825911575e+01
151 136 38
6 18 3693 369.8101 416.9400 19 3353 211.9700 381.0900 17 3014 486.8700 420.6300 20 3518 79.3200 384.5500 88 861 242.5300 294.0300 16 2498 663.4301 366.8900
1.4432557043e+01 1.4274067102e+01 -4.8526572520e+01
152 140 72
6 18 7293 380.1700 455.6500 19 6209 215.5800 418.7300 17 3151 505.0900 460.1300 20 6621 76.0200 421.3700 88 985 274.3199 381.3100 16 2610 693.0900 407.3700
1.2018002227e+01 1.5790075868e+01 -5.2049065067e+01
245 228 179
5 18 7355 314.3900 468.4399 19 6234 148.6700 429.5200 17 6153 441.5400 472.8199 88 1018 127.7600 411.8200 16 2641 631.0000 422.6900
1.0938675179e+01 1.6091855847e+01 -5.2484266125e+01
217 214 147
5 18 3950 293.2300 472.1500 19 3530 127.4800 433.2400 17 3182 419.9700 476.4100 88 699 78.8800 420.3400 16 2652 608.6200 426.8201
1.1390303327e+01 1.9638992446e+01 -5.1585010229e+01
236 214 164
5 18 4050 303.0601 539.6400 19 3590 134.7500 498.8800 17 3273 430.6700 544.6899 88 734 100.2500 574.4100 16 2729 623.9700 497.4100
1.1426342365e+01 2.0925718920e+01 -5.1288804196e+01
253 251 230
4 18 7508 304.5601 564.2400 19 6344 135.3400 523.2000 17 6351 432.4399 569.8101 16 2768 627.2500 523.3800
1.7591254904e+01 1.2033904750e+01 -4.3915193331e+01
244 228 137
6 18 3767 472.7700 432.2500 19 6128 308.7100 398.1200 17 5934 595.8600 437.1600 88 915 478.5900 328.0100 16 4490 783.9500 380.2900 91 1253 -474.0300 145.7000
-2.9705006268e+00 2.7954486191e+01 -8.6609842011e+01
253 251 237
5 18 7470 -40.7800 520.5601 19 6323 -228.8300 473.5200 17 6279 116.0200 523.7400 16 4761 332.8400 485.3000 86 1135 615.2400 512.0400
1.1258931075e+01 2.0837268555e+01 -5.1231699697e+01
132 121 89
4 18 7507 302.0300 562.9399 19 6343 133.1400 521.5900 17 6348 429.7400 568.6899 16 4836 624.1100 522.2600
-8.6063245347e+00 -4.1979025487e+00 6.3902376337e+00
166 177 183
5 18 24 353.5000 146.9400 19 22 384.3900 123.4900 17 20 229.4200 153.3100 88 6 -20.9000 -165.5200 91 13 249.4800 -209.1000
-2.3986530919e+01 -3.0247930008e+00 -4.8980003091e-01
179 190 200
3 18 18 -434.1600 157.9900 19 17 -435.4000 101.8900 17 21 -461.1300 173.7000
3.0999529310e+01 2.5288109882e+01 -6.5279346967e+01
191 190 180
4 18 86 515.5699 564.6000 19 80 320.2300 524.3400 17 86 677.4200 575.3800 20 77 153.8100 523.8199
-1.8231303444e+01 2.4131118242e-01 3.0045348718e+00
166 202 238
3 18 178 -169.7800 341.2600 19 155 -148.4000 298.1100 17 149 -242.9300 342.6000
2.4242210861e+01 1.2286314842e+01 -4.1090181352e+01
179 186 105
4 18 194 618.5100 448.5200 19 171 444.9399 416.3600 17 173 750.3000 454.9600 20 249 301.9800 419.2200
-8.8505590847e+00 -5.4014191078e+00 6.0304954159e+00
221 227 228
6 18 239 339.0400 81.9700 19 222 371.3400 58.7600 17 208 217.4100 91.7000 88 70 -48.4800 -278.7500 91 195 232.6100 -309.5600 21 341 473.0200 76.1000
-1.1739988403e+01 -1.7945719623e-01 5.5001778957e+00
215 234 251
4 18 278 175.9400 347.0000 19 266 204.3700 312.0900 17 228 64.3000 349.7300 88 88 -345.9600 194.5100
2.3359100895e+01 9.4362706415e+00 -3.7658164756e+01
151 151 73
3 18 297 640.3700 405.5400 19 283 471.4800 375.6300 17 250 766.0800 411.1300
1.3414308018e+01 2.7544993679e+01 -7.5875947387e+01
199 196 183
4 18 333 211.5300 555.9700 19 307 24.9200 512.7500 17 282 364.5200 560.9301 20 265 -140.6800 516.0900
1.3441272410e+01 2.7578649199e+01 -7.5974817235e+01
199 196 183
3 18 334 211.5300 555.9700 19 308 24.9200 512.7500 17 283 364.5200 560.9301
-9.1978816474e+00 -4.6803382370e+00 6.1273100739e+00
159 168 175
4 18 389 322.5900 119.1100 19 353 355.7200 94.5000 17 316 199.7900 127.1400 88 112 -81.6500 -212.9800
-9.0192152466e+00 -4.5539293662e+00 6.2683540278e+00
127 128 127
6 18 393 333.8300 126.0800 19 357 366.9500 101.9200 17 318 209.9300 133.9700 20 331 440.0699 121.4900 88 114 -62.8100 -199.0900 91 203 223.8500 -240.9900
-2.4301522831e+01 -3.3063722214e+00 -7.8787934525e-01
180 189 193
5 18 258 -445.6100 143.9300 19 230 -450.0100 84.6400 17 333 -470.7700 162.2400 20 202 -399.0100 88.0100 87 238 -464.9200 -264.3500
-2.4620412296e+01 -3.2012101405e+00 -9.3447618152e-01
27 28 28
4 18 259 -459.5900 147.3500 19 233 -466.3200 87.2600 17 334 -482.0700 165.9500 87 242 -481.9100 -256.4500
-2.4329388867e+01 -2.2019864091e+00 -5.7540321241e-01
19 19 25
4 18 272 -450.6800 195.2100 19 252 -456.1800 138.0800 17 346 -475.5200 207.8100 20 138 -404.5100 144.9000
2.4766751515e+01 1.1408993095e+01 -3.9642594845e+01
124 116 69
4 18 640 643.6899 437.2000 19 621 469.8101 406.3300 17 383 775.0200 443.5300 20 602 327.6899 409.2600
1.8346834311e+01 1.3023445509e+01 -4.4798663911e+01
204 210 124
3 18 463 478.4900 447.6799 19 429 312.1899 412.5000 17 385 603.8400 452.7300
-8.8252136246e+00 -4.6033994385e+00 6.3353998115e+00
162 169 181
5 18 566 344.6100 124.2500 19 542 377.2700 100.4700 17 466 219.9800 131.8200 20 806 449.7000 119.9400 91 384 239.1400 -242.4700
-8.5703053902e+00 -4.5209305144e+00 6.4748433456e+00
162 170 181
6 18 568 359.7200 129.1300 19 547 391.9100 106.0600 17 468 233.9600 136.4700 20 517 463.4500 125.8000 88 254 -16.6100 -193.4700 91 388 259.4399 -232.3200
-3.7796333356e+00 -4.5736930205e+00 6.5924461532e+00
45 49 51
3 18 396 591.7500 134.7200 19 243 597.0200 119.8900 17 470 477.7400 138.8000
-2.5172653646e+01 -3.7974208030e+00 -1.2029767923e+00
138 136 131
3 18 391 -482.1000 119.8100 19 347 -489.9400 57.6500 17 472 -501.1600 139.8400
-9.0101066039e+00 -4.3560796551e+00 6.3468563917e+00
166 176 185
5 18 571 335.4000 136.9300 19 549 368.3400 112.4300 17 473 210.5100 144.4000 20 812 441.5699 131.4700 88 256 -60.8400 -180.0300
-2.6684288597e+01 -2.4433939803e+00 -1.6684624719e+00
107 116 118
3 18 407 -550.4900 176.3600 19 241 -568.1400 114.2900 17 486 -557.7800 192.6700
-2.6309039276e+01 -2.3452540942e+00 -1.3339110611e+00
72 76 75
4 18 410 -536.2200 182.3300 19 363 -551.0900 120.4200 17 487 -547.1200 198.8000 20 333 -509.6000 125.1300
-2.4058794490e+01 -2.1491974582e+00 -3.8102445160e-01
253 254 251
3 18 412 -439.2500 198.7600 19 375 -442.8600 141.0500 17 491 -466.6100 213.2900
2.1839035094e+01 8.9976992700e+00 -3.8058112728e+01
202 206 121
3 18 610 607.7300 395.1900 19 590 442.6000 365.4900 17 520 730.8000 399.0600
2.0361174649e+01 9.7065446102e+00 -3.9551479795e+01
122 131 88
4 18 621 565.0200 403.9200 19 863 400.6700 373.0000 17 534 686.5400 408.0000 88 202 678.0200 263.3100
2.1499595627e+01 1.0838321109e+01 -4.0460829526e+01
192 187 128
4 18 633 575.8500 422.8400 19 881 408.8101 390.9800 17 546 701.1300 427.8101 88 209 706.1700 305.8900
2.2402442009e+01 1.0980606040e+01 -4.0281284961e+01
158 174 85
5 18 634 594.2700 426.2500 19 612 424.9000 394.6900 17 549 721.2600 431.8800 20 585 286.1300 397.5100 88 148 746.9500 313.9300
2.4259927351e+01 1.1187926390e+01 -3.9727165303e+01
218 215 141
4 18 639 633.5699 432.8700 19 884 461.7000 400.8200 17 554 763.8199 438.8900 20 596 319.2700 404.6800
2.3045230072e+01 1.2014668153e+01 -4.1380090559e+01
119 127 78
4 18 641 594.3400 442.0100 19 628 422.9000 409.7800 17 556 724.2700 447.9200 88 153 749.6500 349.0600
1.5181039792e+01 1.3140176549e+01 -4.6219514034e+01
100 106 57
4 18 644 410.8800 444.1000 19 626 247.4301 408.3800 17 557 533.0601 448.3800 88 219 340.8400 354.2300
2.4888856298e+01 1.2419874564e+01 -4.0769495057e+01
200 198 118
4 18 649 633.3000 452.5500 19 906 458.2900 420.6400 17 564 766.3500 458.8500 20 921 314.8900 423.2300
2.4888856298e+01 1.2419874564e+01 -4.0769495057e+01
200 198 118
4 18 650 633.3000 452.5500 19 907 458.2900 420.6400 17 565 766.3500 458.8500 20 922 314.8900 423.2300
2.2993669854e+01 1.3615868541e+01 -4.3653959236e+01
188 186 116
3 18 658 570.4399 463.3600 19 648 397.1200 429.7100 17 573 702.4800 469.7100
-2.1667600833e+01 -5.2619754487e+00 1.3057486343e+00
198 176 165
4 18 787 -325.1400 60.9200 19 794 -306.1100 4.6500 17 697 -378.9100 83.4100 20 800 -231.0700 8.7100
-1.2051978746e+01 -4.2116352697e+00 4.5199159819e+00
67 68 68
3 18 795 157.4700 134.9700 19 803 188.6400 102.5800 17 702 50.9900 145.2100
-2.4427088505e+01 -3.4175570362e+00 -8.9714913274e-01
174 183 187
5 18 573 -450.5800 138.9500 19 538 -455.7000 78.7900 17 709 -474.8600 158.2200 20 319 -405.2700 81.7900 21 338 -336.9500 64.9400
-5.2885301881e+00 -2.5961061115e+00 8.0735685960e+00
187 171 189
3 18 1206 552.9900 242.1600 19 1193 571.8900 221.8100 17 726 420.1600 245.6100
2.2322973068e+01 9.0634095119e+00 -3.7971820926e+01
113 118 63
3 18 849 618.0000 396.8200 19 857 451.3400 367.7000 17 762 741.5100 400.5800
2.2322973068e+01 9.0634095119e+00 -3.7971820926e+01
113 118 63
3 18 850 618.0000 396.8200 19 858 451.3400 367.7000 17 763 741.5100 400.5800
2.4446833635e+01 1.0201744714e+01 -3.8612053191e+01
217 211 138
3 18 874 649.5300 417.3200 19 1273 477.9200 387.6100 17 787 779.0100 422.7700
2.4969767824e+01 1.0682106597e+01 -3.9380790054e+01
77 63 54
4 18 882 650.6600 423.8600 19 1282 476.8300 393.5700 17 792 782.0500 429.5800 20 1317 335.5100 396.8400
2.3694161959e+01 1.0859008312e+01 -3.9687243189e+01
230 219 164
4 18 883 624.2000 426.1400 19 1290 452.6400 395.5400 17 793 752.8300 431.6100 20 1321 312.3199 398.6200
2.5218368295e+01 1.1088850475e+01 -3.9144072351e+01
89 91 57
3 18 899 657.4399 433.0601 19 887 483.1300 402.4600 17 796 789.2900 439.2500
2.3822572296e+01 1.1613751835e+01 -4.0747309997e+01
228 219 132
4 18 904 614.9399 436.8400 19 890 442.5699 405.1800 17 801 745.3101 442.6400 20 1345 301.0200 408.1600
-2.6242334192e+01 3.3676218543e+01 -9.9407592681e+01
200 196 185
4 18 694 -350.5900 545.6700 19 679 -554.1200 494.0900 17 866 -178.6700 545.4900 20 660 -759.4600 505.0800
-1.6777172371e+01 -6.8879337240e-01 3.7056709501e+00
80 105 134
6 18 812 -92.1400 301.9100 19 818 -64.4900 260.2100 17 1037 -178.3500 306.2700 20 831 20.6000 275.2600 91 288 -430.8400 -22.8000 21 910 96.5700 262.4500
2.3563537969e+01 8.8503714157e+00 -3.7232933268e+01
213 212 138
3 18 2015 649.2600 395.2400 19 3294 480.6500 366.4500 17 1106 774.7600 399.8300
2.1309649920e+01 1.1100657402e+01 -4.0901329260e+01
211 207 135
5 18 1310 568.0300 425.8101 19 1287 400.4800 394.4900 17 1162 693.5000 430.9100 20 2107 262.4200 398.9000 88 422 689.1801 313.1500
2.2038752169e+01 1.1210581713e+01 -4.0791499120e+01
229 223 139
4 18 2082 582.5100 428.4900 19 2025 413.6100 396.5000 17 1168 709.1400 433.9800 88 430 721.3800 319.6000
2.1662722997e+01 1.3025027487e+01 -4.3387811373e+01
232 236 138
4 18 1352 549.6100 453.2400 19 1337 379.2300 419.7600 17 1196 678.7400 459.2200 88 323 653.4600 374.0900
1.3168459443e+01 1.4285292132e+01 -4.8569249580e+01
168 189 85
4 18 2155 357.8500 455.9200 19 2082 194.0900 418.3900 17 1197 481.3800 460.1400 88 457 222.1100 381.4800
2.3210362426e+01 1.3359910636e+01 -4.3346548635e+01
218 219 115
4 18 1363 577.4800 459.7200 19 1358 403.9100 426.3400 17 1212 709.5000 466.1799 88 460 716.3000 388.4100
2.4700813504e+01 1.3374993998e+01 -4.2686658227e+01
227 218 159
3 18 1370 609.8500 462.6899 19 1361 434.3101 429.8201 17 1223 744.4800 469.7200
-1.7899961612e+01 3.2638671377e+00 2.3899102145e+00
177 202 218
4 18 946 -160.7300 482.8101 19 918 -152.6300 440.9500 17 1230 -226.6000 476.2700 20 640 -82.0900 459.9700
-7.9624269217e+00 -5.0516628486e+00 6.4992821662e+00
20 19 27
4 18 1182 391.0200 102.6200 19 1172 421.3800 82.2900 17 1596 265.4700 108.8600 88 516 42.1100 -241.6800
-9.4400892280e+00 -5.0306166784e+00 5.8543564246e+00
250 248 236
6 18 1888 306.8101 100.1000 19 3131 339.7900 75.1700 17 1597 186.6100 109.1900 20 3344 413.0300 94.1300 88 515 -108.9700 -248.4400 21 5880 445.6100 90.4500
-2.2390527104e+01 -3.5634651703e+00 1.2021694108e-01
105 106 106
5 18 1193 -360.5100 138.1000 19 1173 -354.7700 82.4100 17 1608 -400.3300 155.2900 20 1208 -293.3100 88.1000 21 1320 -219.5600 73.5300
-7.8484618720e+00 -4.0006603782e+00 6.8150170766e+00
27 31 47
5 18 1194 401.2300 158.7300 19 1183 430.5500 136.7900 17 1612 273.8000 164.1800 20 823 499.1400 156.6100 88 359 54.9900 -139.8500
-8.3166704034e+00 -3.4605002579e+00 6.7665052329e+00
28 29 36
3 18 1199 375.7100 186.1300 19 1187 405.8800 162.1100 17 1617 248.3600 192.0800
-1.1921502456e+01 -2.6268855745e+00 5.5339917014e+00
231 240 240
7 18 1922 173.3600 219.6700 19 1871 208.5200 187.2200 17 1622 57.9100 226.4100 20 1967 291.6000 203.2900 88 532 -353.5000 -32.2500 91 838 -10.0300 -120.0900 21 3392 343.8000 193.2500
1.8686594885e+01 1.0141651094e+01 -4.0981087695e+01
231 223 152
4 18 3653 520.1700 406.8100 19 3327 357.5200 374.8800 17 1739 640.4000 410.6800 88 582 579.6300 270.4500
1.8414914958e+01 1.0193783414e+01 -4.1135741800e+01
212 208 138
4 18 2043 513.7400 407.2900 19 1967 351.3600 374.9700 17 1742 633.8101 411.2200 88 584 565.1600 271.4200
1.7555411537e+01 1.2434205385e+01 -4.4363594979e+01
113 110 57
5 18 2111 468.4800 438.3600 19 2052 303.7800 403.8500 17 1817 591.7800 442.9600 88 442 469.1000 341.1600 91 658 -488.2800 157.2900
2.3410515226e+01 1.2347790905e+01 -4.1460230456e+01
220 215 138
5 18 3837 599.6600 448.5400 19 2073 427.1100 415.6800 17 1833 730.4200 454.5200 20 3654 285.8500 418.4200 88 657 762.5400 362.6700
2.4341486481e+01 1.2492042221e+01 -4.1296711491e+01
137 142 73
3 18 2144 617.9800 451.7200 19 2086 443.9700 419.5300 17 1843 750.3800 458.2100
2.4341486481e+01 1.2492042221e+01 -4.1296711491e+01
137 142 73
3 18 2145 617.9800 451.7200 19 2087 443.9700 419.5300 17 1844 750.3800 458.2100
2.1078059838e+01 1.3292464560e+01 -4.4113185387e+01
226 213 139
